P1 P2 N1 N2 RHO1 RHO2 FZ1 FZ2 SE1 SE2 LLK_1_cause_2 LLK_2_cause_1 LLK_nothing LLK_same bestcause ncause ratio AIC_1_cause_2 AIC_2_cause_1 AIC_nothing AIC_same
AAM_23 HEIGHT 45 576 0.574176548089592 0.0816122246502399 0.653731379847507 0.0817941464684953 0.154303349962092 0.0417755993144357 1.28963469448969 -5.76825845585412 -7.68502436245413 -3.19382881955633 -0.579269388979383 8.38765763911267 0.0112942276180173 -0.579269388979383 13.5365169117082 15.3700487249083 8.38765763911267
LSBMD NOSE_23 20 9 0.757894736842105 -0.416666666666667 0.991249798243803 -0.443651597500451 0.242535625036333 0.408248290463863 -0.115870879661317 -7.87728804117344 -8.46776826106755 -4.09087078583148 2.23174175932263 10.181741571663 0.0187793032567432 2.23174175932263 17.7545760823469 16.9355365221351 10.181741571663
CAD TC 11 42 -0.290909090909091 0.6771736488129 -0.299559115455835 0.823875368761815 0.353553390593274 0.160128153805087 -12.2024026259268 0.674681872884667 -12.5613452805375 -3.15549008579339 0.650636254230666 8.31098017158677 0.0217058827939998 26.4048052518535 0.650636254230666 25.122690561075 8.31098017158677
HB T2D 15 10 -0.785714285714286 0.296969696969697 -1.06013176810005 0.306192911957743 0.288675134594813 0.377964473009227 0.0493919853462434 -6.36574486139731 -6.69388420906338 -3.74917453625924 1.90121602930751 9.49834907251848 0.0224028628696822 1.90121602930751 14.7314897227946 13.3877684181268 9.49834907251848
NST_23 EDU 157 93 0.0319277594130452 0.375294679359016 0.0319386149125369 0.39457162391157 0.080582296402538 0.105409255338946 -4.075400417867 2.85195828552769 -4.15394620230191 -0.804388171235643 -3.70391657105538 3.60877634247129 0.0258266995271983 10.150800835734 -3.70391657105538 8.30789240460382 3.60877634247129
TG TS_23 29 31 0.532019704433497 -0.221370967741936 0.592958010289346 -0.225097264299361 0.196116135138184 0.188982236504614 0.747910560158209 -3.11351616787291 -3.8228790654037 -3.05372753144666 0.504178879683582 7.64575813080739 0.0281336298739144 0.504178879683582 8.22703233574582 7.64575813080739 8.10745506289332
T2D TG 11 28 0.809090909090909 0.0399562123700055 1.12439119350053 0.0399774961112018 0.353553390593274 0.2 0.791304114423158 -4.24574060722151 -4.26571810966302 -2.75221252586394 0.417391771153685 7.50442505172787 0.028911476837617 0.417391771153685 10.491481214443 8.53143621932604 7.50442505172787
WHR MCV 13 39 -0.725274725274725 0.232591093117409 -0.918684990240054 0.23692701404612 0.316227766016838 0.166666666666667 0.0947555695891479 -3.11473560714611 -4.12515498687269 -4.12045632896808 1.8104888608217 8.25030997374538 0.03995863214226 1.8104888608217 8.22947121429222 8.25030997374538 10.2409126579362
CAD TG 11 27 -0.236363636363636 0.677045177045177 -0.240919043446369 0.823638127118487 0.353553390593274 0.204124145231932 -7.34968655371441 0.558702677624089 -7.58185449569486 -2.60897528860529 0.882594644751823 7.21795057721059 0.0421012450023206 16.6993731074288 0.882594644751823 15.1637089913897 7.21795057721059
BHM_23 LSBMD 13 20 -0.71978021978022 0.174436090225564 -0.907188778907914 0.176238354165078 0.316227766016838 0.242535625036333 0.466012513545854 -3.38493525076637 -3.64894488933631 -2.96531932896341 1.06797497290829 7.29788977867261 0.0443803975842505 1.06797497290829 8.76987050153275 7.29788977867261 7.93063865792682
BMI_2015 MPB_23 30 40 0.498998887652948 -0.169981238273921 0.547972217353458 -0.171647343487748 0.192450089729875 0.164398987305357 1.07043832817652 -2.43819261546716 -2.98325461020558 -2.42617514701527 -0.14087665635303 5.96650922041116 0.0471843533399867 -0.14087665635303 6.87638523093432 5.96650922041116 6.85235029403053
