AAM HTHY_23 PCV T2D CUP_23 FG HB HDL CAD MIGR_23 CEI_23 BMI_2015 UB_23 LSBMD FNBMD AAM_23 LDL RA WHR SCZ TG TS_23 TC AD PS_23 PD_23 NST_23 HEIGHT BHM_23 DIMP_23 RBC AVD_23 PLT MPB_23 ALL_23 MCHC MPV CD NOSE_23 EDU MCV ATH_23 UC 
AAM 1 0.0667533700187 0 0.048272341385 0 0.0395543380981 0.0387817919728 0.0652497862654 0.0512273801154 0.11705525769 0.0777863778099 0.0353831668086 0.0602716033842 0.0262868293183 0 0 0.0528765788689 0.106114314592 0.0223222284748 0.572170434641 0.0527786453516 0.181879624675 0.0722153941571 0 0.108364200178 0.124475483737 0.313707371873 0.541960078361 0 0.0413172043889 0.0769167196568 0 0.0699564091604 0 0.153683716118 0 0 0.1346315921 0.0445962628418 0.359769775932 0.0694950098589 0.0618475322394 0.183977672147 
HTHY_23 0.128780196588 1 0 0 0.122305103648 0.0631862933936 0 0 0.0802898236477 0.28681363583 0.209421899911 0.0837324092393 0.0993311960082 0 0.0850052302742 0.137248517429 0.178865274243 0.217540313175 0 0.583387940519 0.202080806653 0.352206685498 0.230103790534 0.0773668364662 0 0.307177981585 0.490450004698 0.747693280521 0.23897191421 0.143136419476 0.0741685262451 0 0.295590312721 0.29868154991 0.439863232111 0 0.195352063454 0.280165525992 0.0971574148516 0 0 0.297289738793 0.229760487898 
PCV 0 0 1 0 0 0 0 0.13962656224 0 0.189013828897 0.293910296681 0 0.146384118493 0.337885414204 0.195279039801 0 0.181024256984 0.419832468322 0 0.711492493578 0 0 0.182881287711 0 0 0.251492065975 0.345566606064 0.805413279062 0 0.139969108981 0.347191406783 0 0.164162597071 0.327574807041 0 0 0.129342239333 0 0.135374545586 0 0.205768718359 0 0 
T2D 0.172486353493 0 0 1 0 0.058596849813 0 0.150955215793 0.129839223347 0 0 0.164269056555 0.192586741587 0 0.0996081147169 0.114946379241 0.313653105099 0.38384599424 0 0.456526821875 0.165239368368 0.357329255414 0.325521767745 0 0.200256875943 0 0.449529587782 0.646982242649 0 0 0 0 0.226174214019 0 0 0 0 0.345680525989 0 0 0 0 0 
CUP_23 0 0.247423417967 0 0 1 0 0 0.139970747671 0 0 0 0.0661300986723 0.364131268349 0.216521800135 0.224419139009 0 0.117099744028 0.381238219721 0.177637977955 0.367277838624 0.0781893846007 0.515750182906 0 0 0 0.388513062153 0.566421884869 0.879950178612 0 0 0 0 0.296150521555 0.614767112331 0.30255634761 0 0.290494966994 0.379517904791 0.158439769777 0.452182591941 0 0.306734072157 0.174970223978 
FG 0.200376173787 0.165276772883 0 0.0615942465552 0 1 0 0.248795763538 0 0 0 0.24059009216 0.130641283918 0 0.121299889645 0 0.291918494059 0 0 0.620516079132 0.279544731426 0 0.355089187316 0.107036787838 0.173643170552 0.26351815701 0.464483827051 0.544931317944 0 0 0 0 0.123498594921 0 0 0 0 0 0 0 0 0 0 
HB 0.163655505875 0 0 0 0 0 1 0.0928441830931 0 0.135131630139 0.269432788335 0.0727795349518 0.0876611722981 0.167806532889 0.107489156741 0.125342396597 0.182413885935 0.507873524481 0 0.702058772928 0 0.23647705085 0.208892329457 0 0 0.404377413332 0.483958924211 0.805032708333 0.219165028059 0.0913508141665 0.494369604173 0 0.256966274504 0.263749624363 0 0 0.151437136386 0 0.0894752189558 0 0.134224374097 0 0 
HDL 0.119287987421 0 0.0604680923732 0.0907593918552 0.0641902258733 0.0950890205725 0.0485778765017 1 0 0 0 0.0582580173989 0 0.114238683596 0.114134599866 0.0833296506024 0.150057799376 0.268349053245 0.0505007087925 0.635105912751 0.217332032644 0.135648783346 0.206820194106 0.120955808882 0.0779496493534 0.210288748944 0.389994676273 0.772779912092 0 0 0.123647137835 0.0397950005919 0.188056823475 0.0991657522087 0.121646402061 0 0.0390489963941 0.165920567291 0 0.301844828218 0.174256326444 0.0531585392206 0.233084503283 
CAD 0.202669519552 0.156387704878 0 0.153138837979 0 0 0 0 1 0 0 0 0 0 0 0.146824918868 0 0.307022303048 0 0.370967399538 0 0.301196135347 0 0 0 0 0.341380485179 0.591857500629 0.253800311674 0 0 0 0.311536892627 0.240732061701 0 0.153865364671 0.141882089592 0.150762759245 0 0.388594095016 0.178386902086 0 0 
MIGR_23 0.146742356998 0.215852676114 0.042353747714 0 0 0 0.044102301678 0 0 1 0 0.0761848050331 0.0950799695607 0.0526556403911 0 0.135379871456 0.090284569057 0.343610414203 0.0385185416282 0.622946818466 0.108299084177 0.285623641188 0.101032425003 0 0.202064289018 0.205031249476 0.319767604323 0.610107712356 0.105115037046 0.142577001958 0 0 0.0893366535268 0.261615770197 0.173078173165 0 0.0696506433991 0.160102497182 0 0.325992790142 0 0.203838410468 0.182171149236 
CEI_23 0.239958728331 0.36288233324 0.162735521914 0 0 0 0.210492115698 0 0 0 1 0.1115598641 0.197837178426 0.0732669103117 0 0 0 0.283958400367 0.153872684351 0.580250087609 0.121624624912 0.33770714066 0.165245281955 0 0.326981940031 0.60166695418 0.694497017438 0.66742972873 0.52536487136 0 0.201828237127 0.0789975735474 0.178539771323 0.240085257795 0.394500460825 0 0.107011249608 0.386454439739 0 0.332255362016 0.0822533506524 0 0.372623775608 
BMI_2015 0.0788404496765 0.0882425703689 0 0.101393010299 0.0547939097576 0.0997664457428 0.0345709227341 0.0644294018527 0 0.123354642284 0.0743484225724 1 0.106430336737 0 0 0.131194824636 0.103267918834 0 0.0388883693301 0.606687646181 0.0685150195536 0.206181547718 0.107617410798 0 0 0.0658938478687 0.456380354951 0.613610696742 0 0 0 0 0.0633421336834 0.137866848874 0.318673388346 0 0 0.210649283694 0 0 0 0.0964435272117 0.127325726701 
UB_23 0.0887317353269 0.083300663043 0.0377287410111 0.082894988786 0.161793360577 0.0378901610104 0.0319529081019 0 0 0.106407048727 0.0884481390363 0.075938561688 1 0.0575554243587 0.0509143383935 0.135373825408 0.117805084579 0.131140048255 0.0745444808408 0.530442590444 0 0 0.13614590092 0 0.0875974756845 0.116996908351 0.525634942057 0.804170102706 0.108957622139 0.530941503945 0 0.0278884078054 0.0361256108555 0.507483786865 0 0 0 0.0792566305587 0.0839225304144 0.169427578087 0.0555563529569 0 0 
LSBMD 0.0899122208923 0 0.204948070143 0 0.196997957245 0 0.134438811474 0.20792986039 0 0.14029968222 0.0752153821218 0 0.137758272417 1 0 0.154639951692 0.0690048488384 0 0.236742345758 0.542962350326 0.111961165772 0 0.0609468635393 0.151308274257 0.103876304178 0 0.410832719898 0.585607300156 0 0.176547934685 0.157788900799 0 0.122582570188 0 0.0946194808389 0.100482640816 0.0690475154593 0 0 0 0 0 0 
FNBMD 0 0.12777215254 0.0964351558097 0.0807107984328 0.178592735731 0.0694895061016 0.0740137863602 0.188435808744 0 0 0 0 0.100666048425 0 1 0.105276193466 0 0 0.199139912959 0.464723427743 0.0903881865758 0.272505609654 0 0.150510301064 0.167286444166 0.221795628598 0.544367683702 0.58284558622 0 0.205942282181 0 0 0.239126153082 0.270101440742 0.115162950668 0.0854424520306 0.207898519721 0.36676210839 0 0.283571515638 0 0 0.156100224145 
AAM_23 0 0.0905355532295 0 0.0335239054142 0 0 0.032572135188 0.0490636575059 0.0415695587123 0.125447782068 0 0.0632253824283 0.105038473842 0.0486897003636 0.0380468576543 1 0.0476905703047 0.111025413233 0.031255140991 0.70960641602 0 0.242335783626 0.0482812615595 0 0.160774889985 0.197920541226 0.40739077342 0.475036941594 0 0.0800083482762 0.0755027218096 0 0.0715950451063 0.0544640786674 0.189945579189 0 0 0.0755232237537 0 0.445241109312 0.0656834653966 0.0657665222663 0.145269474826 
LDL 0.112999432811 0.191219556035 0.0660266145156 0.186012096454 0.0629013885477 0.129349057814 0.0887859197117 0.164881703926 0 0.152233477216 0 0.111976029452 0.171027419857 0.0426034521548 0 0.0935574404833 1 0.3261618722 0.0543167306481 0.542822651255 0.120285147596 0.341114974766 0.0865167241838 0.161282702399 0.0642907709515 0.139797135469 0.358091891378 0.744600586899 0.214470409099 0.0587267077915 0.178191505294 0 0.183751803944 0.163047627061 0.145968828511 0.0650719504108 0.0562930453983 0.288639409647 0.042773637957 0.468403528251 0.156141935072 0 0.139635623115 
RA 0.076167383836 0.118117688778 0.053122331994 0.0749881629865 0.071508010241 0 0.0936720304126 0.107129228479 0.0593705197357 0.181571693902 0.0590664175547 0 0.0615820731778 0 0 0.0677000517829 0.116375250817 1 0.0438640703021 0.695329223123 0.140154343228 0.344077013521 0.143136399027 0.0743092980782 0.126141498681 0.226227630389 0.352005299444 0.764116028011 0.121737576595 0.077954863505 0.10777451843 0 0.161151749489 0.196886484911 0.287436332628 0.0479210991364 0.055184077434 0.354342776661 0.0404248730449 0.330414721794 0.155391971229 0.233462595565 0.315262803884 
WHR 0.10567752127 0 0 0 0.21700327941 0 0 0.119895119532 0 0.128064421765 0.230037273803 0.0902308959568 0.253491531139 0.317212703245 0.314029003247 0.132056785386 0.107668774686 0.269306928581 1 0.33974942418 0 0.196055212952 0.148365891556 0 0 0.319004122023 0.339038049239 0.56975521836 0 0.278712129772 0.171947772365 0 0.299977762806 0.564106497559 0.345207737684 0 0.231372168333 0.306019335296 0 0.445211744425 0 0 0 
SCZ 0.112783642209 0.0670445527718 0.0238431489366 0.0255524743281 0.0191231520315 0.0245979812694 0.0340401188015 0.063543945143 0.0193004895702 0.104353297209 0.0322174430895 0.061667949385 0.0699437571399 0.0301428884629 0.0292516310419 0.122655923416 0.0482728628933 0.192733676991 0.0138422846199 1 0.052583045315 0.121123210499 0.0666847824863 0.030898192453 0.113909981274 0.103631593172 0.356530758635 0.556247100102 0.0284275400533 0.0897506088832 0.0586808772668 0.0152301552759 0.0744198436826 0.0676080405544 0.181048264812 0.0223843055719 0.0415479825457 0.0966214492182 0.0215642638412 0.32110160161 0.0718902167762 0.0975276191531 0.111787596065 
TG 0.139949719787 0.271376135418 0 0.13222455147 0.0550636077412 0.13788438483 0 0.273191942111 0 0.23110908438 0.0986970679671 0.0875058966863 0 0.0919805040925 0.0758999674786 0 0.142925129128 0.501302386317 0 0.70651928866 1 0.229541566298 0.209382504022 0.0940049080273 0.0620926282152 0.229405661585 0.316037684551 0.637012977635 0.149908883111 0 0 0 0.244199853476 0 0.272818895405 0 0.0799588543246 0.229654316573 0 0.394262365615 0 0.157094720962 0.327755432784 
TS_23 0.230940407706 0.244863665749 0 0.13582144377 0.176958415784 0 0.0780860893951 0.0970461515663 0.10875351576 0.254597531977 0.169726566357 0.129780241487 0 0 0.115337683844 0.246231336903 0.204581530067 0.556732411783 0.0597873487652 0.760110556859 0.112778057965 1 0.207243789219 0.075875846797 0.137805202135 0.589474740195 0.369574895349 0.538994206684 0.151915126762 0.190067940352 0.159178771256 0 0.150425088672 0.28723082033 0.528349299507 0.0436810631439 0.0902190967693 0.339280378216 0 0.478612327292 0.104942644466 0.3181594031 0.271859368914 
TC 0.124387399485 0.199969999562 0.0598781130408 0.164230386115 0 0.126125056713 0.0857417010521 0.173527743034 0 0.137705040455 0.0882402965983 0.0947921603404 0.158299525814 0.0312189963163 0 0.0767301898016 0.083432991409 0.329909856897 0.0633595199385 0.602472824008 0.167458852316 0.286690547971 1 0.142479015375 0.0541343095824 0.139229735503 0.316258214556 0.727818708253 0.162283459465 0.045444414126 0.164897851839 0.0276569059873 0.174867495245 0.171437090576 0.183411436962 0.0666260663187 0.0581327239373 0.248415399728 0.0325297968086 0.482116980869 0.156585149245 0.096422387934 0.180109976158 
AD 0 0.148870727246 0 0 0 0.0778099290401 0 0.253028047919 0 0 0 0 0 0.15876106469 0.178814339269 0 0.311822234154 0.365507304157 0 0.571942785025 0.148260197743 0.215795125648 0.320199919179 1 0 0.136903702636 0.593051617041 0.815173675652 0.142087156015 0 0 0 0.390503618429 0 0.319485876172 0 0 0.349735113023 0 0.184281493125 0 0.125579409488 0.226951031145 
PS_23 0.0988180344267 0 0 0.0470901118434 0 0.0309048679178 0 0.0375419939305 0 0.136496831975 0.0870739772123 0 0.050734316928 0.0274375727068 0.0507383309049 0.119805280739 0.0276716122611 0.165159849622 0 0.509156785925 0.0214889327567 0.101029372355 0.0288424159042 0 1 0 0.405780936972 0.349469263722 0 0.211849332993 0.0534158291416 0 0.043896874774 0 0.213295029362 0 0.067817188643 0.0427277412961 0 0.346699749497 0.0510818597453 0.100544411681 0.0317625971885 
PD_23 0.131394241278 0.145419151293 0.0509759256168 0 0.098010439784 0.0544021360387 0.115943547558 0.122050564032 0 0.136664454886 0.16457704971 0.0341909199775 0.0658087463721 0 0.0771385625605 0.151291203386 0.070417321518 0.290225737372 0.0808764079942 0.478407775016 0.0961113295869 0.407300756358 0.0886577921209 0.0407271610989 0 1 0.349084797042 0.655920113092 0.127652418149 0.0788868265381 0 0 0.171445840049 0.209301713292 0.337910174553 0 0.110339780004 0.344387363945 0 0.405649561597 0.083195912792 0.148651283253 0.341278291813 
NST_23 0.102957820532 0.0954158468331 0.0220395774442 0.0532899179405 0.0618871264545 0.0298862176612 0.0416775070133 0.0707612544356 0.0302589615017 0.0859171311414 0.0730458992995 0.0721833943781 0.118792379074 0.0386519986773 0.0613955622094 0.118503349347 0.0562101790708 0.168971853242 0.0260758560428 0.604266265913 0.0426906039469 0.110583992321 0.0618999034026 0.0584267073231 0.163922028923 0.140465117223 1 0.647425190291 0.0755028489599 0.275298361329 0.0481746653218 0 0.0653420468882 0.312493981003 0.133627783982 0.0454891148362 0.0590562275674 0.15403419444 0.0476953011334 0.217536156586 0.0666119893709 0.0792411676604 0.119188562975 
HEIGHT 0.0894625268453 0.0627788907387 0.0237666362785 0.0376778973191 0.0377114355066 0.0186567841575 0.0330695271355 0.068278716943 0.0256468589574 0.0783287284948 0.0364195644008 0.0517236192702 0.0868109940185 0.0321493205635 0.0392467978265 0.0747813831424 0.059505322455 0.16756778061 0.0247915117813 0.453731251892 0.0402498840121 0.0689348591263 0.0723811218083 0.033995195933 0.0603974656646 0.0959232574926 0.309141222528 1 0.0494378007426 0.10900665361 0.0516120798045 0.0032484203 0.0630293587492 0.120463264763 0.0822033491226 0.0202210727664 0.0443313107102 0.145604305137 0.0380862155052 0.210810085318 0.0724555818275 0.082272770393 0.127541719325 
BHM_23 0 0.334433471177 0 0 0 0 0.1618857377 0 0.188112821576 0.192093184884 0.371142436132 0 0.175811145954 0 0 0 0.24842861334 0.431349201003 0 0.332320282752 0.139708999825 0.289621537411 0.225442163357 0.0966532112349 0 0.349869315611 0.443682348265 0.630565629184 1 0.455894124553 0.1880666683 0 0.0828127161195 0.302559198183 0.18976178237 0.0512441104059 0 0.39486579514 0 0.334255093561 0.0672919820639 0.387889623505 0.376173882604 
DIMP_23 0.0359205970058 0.0653666842315 0.0221840835304 0 0 0 0.0204481441597 0 0 0.08691735608 0 0 0.305357467326 0.0459063932088 0.0628801243722 0.0560895996347 0.0249086101253 0.097750744001 0.0537693019147 0.409052503118 0 0.133318545139 0.0236343148939 0 0.196491365843 0.0801120807633 0.652875758445 0.620723568523 0.160644609295 1 0.0459276827764 0 0 0.59908362088 0 0 0 0.100921030191 0.0980550044731 0.102220633505 0.0562527941373 0 0.0391452265951 
RBC 0.218624578231 0.106195977064 0.260519011411 0 0 0 0.403070877914 0.158157747708 0 0 0.172186721229 0 0 0.132172540047 0 0.19794087345 0.218791480017 0.403646113061 0.106745871007 0.850684569336 0 0.333272991884 0.257523978527 0 0.163083529528 0 0.400558754212 0.865995654135 0.188340949754 0.139528364509 1 0 0.200870965132 0 0.201428281426 0 0.136970892518 0.379858619723 0 0.399702113648 0.0681417067364 0.239033578111 0.456334562915 
AVD_23 0 0 0 0 0 0 0 0.230895829306 0 0 0.23925007629 0 0.20333621596 0 0 0 0 0 0 0.744471648234 0 0 0.17912302788 0 0 0 0 0.165316631717 0 0 0 1 0 0 0 0 0 0 0 0 0 0 0.38912597599 
PLT 0.117663947158 0.2499060628 0.0604642021458 0.0969830090906 0.125828757704 0.0402846843291 0.114448014587 0.165996049064 0.13826086128 0.108457949365 0.090249723316 0.0518477792133 0.0398526261789 0.0597308531268 0.130675285071 0.109188608937 0.143016479859 0.356948330488 0.109260808747 0.631878957545 0.145295774648 0.182297364008 0.165935030907 0.16381782402 0.0790683767073 0.259729352555 0.317812102496 0.607427538003 0.0517322691202 0 0.134951322584 0 1 0.166221435897 0.328504091721 0.088900623261 0 0.373027052407 0.0452198443334 0.279745948271 0.250969082907 0.315336848262 0.195350706465 
MPB_23 0 0.128915985443 0.0555211697972 0 0.147155190988 0 0.0628775127877 0.0491798385841 0.058472535646 0.151208970957 0.0567685379861 0.0603638021779 0.261659195922 0 0.0839569126194 0.0344057816381 0.0717910081601 0.233766705414 0.114267919507 0.293821259861 0 0.182628173806 0.0921352597307 0 0 0.196471655465 0.675503064049 0.64631840852 0.0959941456572 0.530629719475 0 0 0.0958327253043 1 0.192989629951 0 0.133456532359 0.200730854161 0.101281051782 0 0.0905976672923 0.140399181561 0.128235882961 
ALL_23 0.175592039034 0.256847624744 0 0 0.0889202081998 0 0 0.0726096768223 0 0.142279043616 0.126711027202 0.167913482802 0 0.0336307475234 0.0430390125012 0.161841571408 0.0766911726969 0.398680869759 0.0844359861705 0.829657009653 0.115705748986 0.423677363788 0.11957975626 0.0971876258212 0.230930813624 0.403273805437 0.363831119577 0.554266422381 0.0792166765088 0 0.0826214202929 0 0.224588109369 0.227781676106 1 0.0419918404784 0.098928070198 0.284105380342 0 0.410636922224 0.075496337247 0 0.324233091009 
MCHC 0 0 0 0 0 0 0 0 0.174624285854 0 0 0 0 0.130315618175 0.124587364589 0 0.141667775498 0.282722692359 0 0.517666335507 0 0.144460227854 0.169929871851 0 0 0 0.587410866782 0.575370188446 0.0884335697895 0 0 0 0.228704679477 0 0.16409121899 1 0 0 0 0.24631301181 0 0 0 
MPV 0 0.254027521838 0.0569254702964 0 0.18964528401 0 0.0966211353671 0.0509440651038 0.0891886052394 0.135492255825 0.0802573148468 0 0 0.0520068809807 0.173661548501 0 0.0658154847344 0.190077162694 0.124500829412 0.519005112028 0.075902741852 0.170599303272 0.0832781987796 0 0.190642414542 0.255565576846 0.42590887531 0.693126891235 0 0 0.12568449376 0 0 0.358534208829 0.229218341146 0 1 0.256825118702 0 0.217850902114 0.226085764193 0.173414732477 0.191651518816 
CD 0.114517347362 0.126412925747 0 0.087747429912 0.0846625724882 0 0 0.0737779758109 0.0345135994247 0.10076238154 0.100983761975 0.0840595532317 0.0444709374218 0 0.108614590492 0.0572932687233 0.112538226034 0.378692459757 0.0559828169442 0.405052930094 0.0729201373777 0.234416173786 0.120467847679 0.0891364586373 0.0397204743852 0.262459716965 0.385177754268 0.688680043457 0.139032005779 0.0938674883706 0.116400747162 0 0.19565135027 0.179053106474 0.203795037837 0 0.0876167020881 1 0 0.260161773268 0.0825925730533 0.259602143395 0.119542377345 
NOSE_23 0.170953558653 0.230492632809 0.0873193433124 0 0.21489626253 0 0.0801720931641 0 0 0 0 0 0.220362954177 0 0 0 0.0760503073709 0.247170032479 0 0.479655451118 0 0 0.0718757308375 0 0 0 0.522189620213 0.849505958351 0 0.43014103186 0 0 0.104607002227 0.578558333964 0 0 0 0 1 0.185205526155 0.12270439606 0 0 
EDU 0.150317663632 0 0 0 0.0522468509607 0 0 0.0632703156354 0.0393940946702 0.106345421511 0.0440723798938 0 0.0473415841022 0 0.0375567831625 0.163320124336 0.0862364048617 0.199073070999 0.0383744775866 0.62939079468 0.0603338313572 0.169194226271 0.109142252294 0.0208565986148 0.165328917589 0.191023653126 0.270954594124 0.533848910455 0.0563191707763 0.0499631441425 0.0586020797417 0 0.067812719008 0 0.179868752182 0.0214587758607 0.0338030940473 0.12849335566 0.0179378756302 1 0.0811724663673 0.14020909394 0.115892024868 
MCV 0.130512111723 0 0.0932472881329 0 0 0 0.0803984007265 0.161710245273 0.0842444266078 0 0.0457539484244 0 0.0687106844181 0 0 0.112588478308 0.138743192097 0.388707661065 0 0.692165236454 0 0.144835174753 0.175090315121 0 0.10271876475 0.13541453262 0.361278616789 0.799427664759 0.048102287208 0.113108102979 0.0681083615277 0 0.267968338351 0.17411670696 0.121254383086 0 0.16387237424 0.168819163067 0.0595753027683 0.384622382635 1 0.143596184857 0.266676253682 
ATH_23 0.0969304242938 0.262191211694 0 0 0.138113093174 0 0 0.0441351773764 0 0.212658196582 0 0.0702586825671 0 0 0 0.0846743282315 0 0.45052457157 0 0.739372645099 0.093780286469 0.389533225124 0.0867800692209 0.0571263095181 0.174589546399 0.254652706761 0.320558864185 0.764854147772 0.248420430756 0 0.13633025798 0 0.293654786015 0.275615495441 0 0 0.107970004348 0.448363779385 0 0.486117904919 0.12519062908 1 0.284490438215 
UC 0.191959001072 0.125120611824 0 0 0.0476445894942 0 0 0.125099172547 0 0.142975178321 0.129289104457 0.0613061569335 0 0 0.0547727591466 0.135647606961 0.068871490994 0.38658139056 0 0.617824299337 0.126260092569 0.211785758228 0.110985834017 0.0670133540829 0.0368636631187 0.317862935543 0.377233697055 0.740311364897 0.163347175104 0.0456793057941 0.175690613844 0.0418462593652 0.125694836725 0.147875750639 0.29133977238 0 0.0807538778122 0.119910958694 0 0.304001795998 0.153063464204 0.204034890839 1 
