AAM HTHY_23 PCV T2D CUP_23 FG HB HDL CAD MIGR_23 CEI_23 BMI_2015 UB_23 LSBMD FNBMD AAM_23 LDL RA WHR SCZ TG TS_23 TC AD PS_23 PD_23 NST_23 HEIGHT BHM_23 DIMP_23 RBC AVD_23 PLT MPB_23 ALL_23 MCHC MPV CD NOSE_23 EDU MCV ATH_23 UC 
AAM 1 0 0.0161635040901 0.0518284133468 0.0998708652712 0 0 0.0304078529811 0 0.0890875536891 0 0.279310293221 0.0157280072371 0 0.0217667479433 0.977002830799 0 0 0.0166867224733 0.170203481724 0 0 0 0 0 0 0 0.360470529812 0 0 0 0.297527740874 0 0.0954135271812 0.0749586609855 0 0.0289546130799 0 0 0.223592215068 0 0.0504632419653 0.0697091432718 
HTHY_23 0 1 0.164971911902 0.0793551749115 0 0 0.187558139622 0.0905213330876 0.0915809534184 0 0 0 0 0 0 0 0.047397166752 0.590772675675 0 0.272289042628 0.125239448752 0.177002958382 0.0646295769005 0 0 0 0 0 0.0954623972579 0.10556723395 0.17052998048 0 0.0467402545196 0 0.182039518826 0.0810720505076 0.0553191995116 0.285638868306 0 0.0919788121222 0.102210937636 0.265488760588 0.175444674184 
PCV 0.0942060200194 0.544080185043 1 0.206580842065 0 0 0.856912715342 0.491665416784 0.357811017024 0 0 0 0 0 0.285707522676 0 0.327307528711 0.102263504509 0 0 0.292190012954 0.222119959893 0.514044507273 0 0 0 0 0 0 0 0.624730053077 0 0.476799544406 0 0.40535486369 0.449894911398 0 0.263984746435 0 0.262848929761 0.551465077938 0.26024044796 0 
T2D 0.185192882074 0.14709464748 0.133852276303 1 0.12012291798 0.850866564821 0.241555749367 0.389092668795 0 0 0 0.340892633753 0 0 0 0.192846961329 0 0 0.287548785024 0 0.412881514425 0 0 0 0 0 0.413998883605 0.32016236051 0 0.143728200972 0 0 0 0 0 0 0 0 0 0.183848738147 0 0.15647985236 0 
CUP_23 0.334888313878 0 0 0.135750632936 1 0.0962337876536 0 0.136023841778 0.173947141144 0 0 0.466711046168 0 0 0 0.307232605462 0.0969414143791 0 0.114744439007 0 0 0 0.135603620259 0 0 0 0 0 0.169397257091 0 0 0 0 0.245499622007 0 0 0 0 0.084876799726 0 0 0.140480767229 0 
FG 0 0 0 0.894390827262 0.136024150254 1 0 0.17263275319 0 0 0.140985970382 0 0 0 0 0.0904215142128 0.267092075892 0 0 0.230925577514 0 0 0.31218926671 0.178876495155 0 0 0.243585316705 0.349015967126 0 0.0996544849079 0 0 0.266705539658 0 0 0 0.157673629036 0.217584207527 0 0.137196216231 0 0 0 
HB 0 0.398238260393 0.889853764479 0.259932875598 0 0 1 0.430761775313 0.251898082103 0 0 0 0.0950470564357 0 0.176809825962 0 0.35393460582 0.0900340043533 0 0 0.303643239942 0.166089347872 0.500121189337 0 0.0761010076434 0 0 0 0 0 0.483986834567 0 0.369977808992 0 0.343558419798 0.518692011202 0 0 0 0 0.599483598622 0.208151906374 0 
HDL 0.0555908577101 0.0860657869518 0.212925602134 0.23393569947 0.0623801849541 0.0659797385055 0.225382911731 1 0.253768168168 0.122636527948 0 0.236677219789 0.0274085563721 0 0 0.0409702821529 0.381413291871 0.107994637263 0.239672593723 0.108449974512 0.520897310831 0.0927431826653 0.577651118968 0 0.0501922790615 0.124702941938 0.258887927335 0.139163881389 0 0 0.222111929558 0 0.129991616209 0 0.0605157440888 0 0.0796117112748 0.220175322698 0 0.102504008941 0.184003890732 0.0531527381032 0.13337655571 
CAD 0 0.178380453026 0.256965904666 0 0.176663512822 0 0.239329327457 0.441894905058 1 0.547766382292 0 0.19616310764 0 0 0 0 0.57812687657 0.259487133909 0 0 0.478556439388 0.316529010606 0.642917491161 0 0.186258257723 0 0.144475442295 0.276551546759 0 0 0.304385586123 0 0 0 0.247990333673 0 0 0.120555895743 0 0 0 0.179977001802 0 
MIGR_23 0.111681592656 0 0 0 0 0 0 0.0814465718227 0.213601895444 1 0 0.144709262455 0 0 0 0.117263207114 0.0689713696737 0 0 0.190837618567 0.0955336072022 0.0649381235893 0 0 0 0 0.1059615603 0.157039074845 0 0 0 0.0358167269606 0.0950550681673 0 0 0 0 0 0 0.10847926181 0 0.0891133646926 0 
CEI_23 0 0 0 0 0 0.0886481144173 0 0 0 0 1 0 0 0 0 0.0892246110143 0.117933497175 0 0 0 0 0.575626665717 0.103808559276 0 0 0 0.0615441773398 0.272191873537 0 0 0 0 0 0.299513094142 0.131326744175 0 0 0.150886511799 0 0 0 0.261777216482 0 
BMI_2015 0.62235664874 0 0 0.21041169317 0.386706257212 0 0 0.261748895414 0.10030724076 0.234306031203 0 1 0 0 0 0.565430481557 0 0.10685576587 0 0.291919479552 0.217227310712 0 0 0 0.159464369072 0.121941915439 0 0.173503044817 0 0 0 0.0717127539886 0 0 0.0687824829049 0 0 0 0 0.275036837386 0 0.0554807621591 0 
UB_23 0.0231547411555 0 0 0 0 0 0.0346450974819 0.021790664559 0 0 0 0 1 0.0460194373169 0 0.0555053156916 0 0 0.0371565769811 0 0 0 0 0 0 0 0 0 0 0.202345711732 0.0608820104822 0 0 0.34118716759 0 0 0 0.0878263647121 0.148564236435 0 0 0 0 
LSBMD 0 0 0 0 0 0 0 0 0 0 0 0 0.110147014865 1 0.902943725935 0 0 0 0 0 0.14524753093 0 0 0 0 0 0 0.334302882252 0 0 0 0 0.0731081512717 0 0 0 0.0903646729431 0 0 0 0 0.202711576181 0.113991007192 
FNBMD 0.065071356337 0 0.141091688557 0 0 0 0.121745905186 0 0 0 0 0 0 0.831902835111 1 0 0 0 0.0584738287195 0.0715397442376 0.0653809869016 0 0 0 0 0 0 0.365034402453 0 0 0 0 0.112677055217 0 0 0 0 0 0 0 0 0 0.0824527265953 
AAM_23 0.979293218569 0 0 0.0562434705095 0.123821628906 0.0191721420521 0 0.024122888755 0 0.108660239461 0.0319616110317 0.272492139322 0.0430673627846 0 0 1 0 0 0.0296900566009 0 0 0 0 0.0528394817799 0 0.0666756311009 0 0.39513444695 0 0 0 0.374822518632 0 0.109014684381 0 0 0 0 0 0.145112147083 0 0 0 
LDL 0 0.0506709042433 0.119381835265 0 0.0520731246925 0.118348474212 0.172269832061 0.419092334589 0.433459581005 0.116296190406 0.0768447245095 0 0 0 0 0 1 0.111975397541 0.117193948624 0 0.507925916109 0.111358683989 0.903377354768 0 0 0 0 0.176397447273 0 0 0.142920434228 0 0.194701958567 0 0.0885882840295 0.0682232824356 0 0.175482479736 0 0 0.149909159801 0.0965982020398 0 
RA 0 0.320771364283 0.0129396277022 0 0 0 0.0166058429657 0.0431131842278 0.0501783937256 0 0 0.0367161548218 0 0 0 0 0.0399530603813 1 0 0 0.0178040799239 0.141821804167 0.0546450689776 0 0 0 0 0.0719287697477 0 0 0.0173287781501 0 0.0315298998355 0 0.243923267602 0 0 0.377998218971 0 0.0599933027555 0.0287089085885 0.220326896037 0.322875440346 
WHR 0.0789980028697 0 0 0.287056352391 0.14017227535 0 0 0.569013286351 0 0 0 0 0.126352447352 0 0.0922089292697 0.125444112819 0.232306486387 0 1 0 0.559585438653 0.190308043443 0.2179840422 0.183447431623 0 0.194624255106 0 0.346551273046 0.224424529442 0 0 0 0 0.15257093331 0 0 0 0.256656315832 0.0711270664242 0 0 0 0 
SCZ 0.03354973872 0.0312922085283 0 0 0 0.00915415928993 0 0.0108506929204 0 0.0319682742389 0 0.0296727250057 0 0 0.00450300991589 0 0 0 0 1 0.0112652363165 0 0 0 0.0363124880463 0.0463042992687 0.0751276098569 0.0558091676171 0.0294489276125 0 0 0 0 0 0.0308489730458 0 0 0.0331696794512 0 0.165778540707 0 0.0145357741934 0 
TG 0 0.168185183775 0.176147767577 0.330387810085 0 0 0.2389212703 0.654781286749 0.469886354303 0.203867693396 0 0.277438008957 0 0.119326563107 0.0549011432526 0 0.60352735644 0.0636814211136 0.331058065713 0.151362605594 1 0 0.577324813247 0.0648135472922 0 0 0.254394387876 0.243417866353 0.201128749735 0 0.238804836796 0 0.206147795917 0 0 0 0.0703659172114 0.360737047943 0 0.0842998241359 0.143649250783 0 0 
TS_23 0 0.123057270127 0.0514262882371 0 0 0 0.0548436629218 0.0663505321586 0.114289788957 0.0578841650793 0.28930136711 0 0 0 0 0 0.0667866603404 0.229474193203 0.0580347402899 0 0 1 0.0660692203329 0 0 0 0.109779467421 0.223794011193 0 0 0.0561151288531 0 0.120136699541 0 0.277471243599 0 0.0469135866119 0.337500451117 0 0 0.0610962397606 0.270068506152 0.407877990511 
TC 0 0.0561658564359 0.168305984171 0 0.0643821942145 0.110887321765 0.205279158012 0.484664930175 0.397900637202 0 0.05543334098 0 0 0 0 0 0.87117809638 0.125949423131 0.09308988827 0 0.46172984267 0.0913968088143 1 0.071082640097 0 0 0 0.200691085711 0 0 0.182698812019 0 0.211620008695 0 0.0674346391545 0.0771258108434 0 0.200031069075 0 0 0.160831850424 0.0969539053373 0 
AD 0 0 0 0 0 0.130033492933 0 0 0 0 0 0 0 0 0 0.161238373236 0 0 0.170756157247 0 0.102220932285 0 0.159747423537 1 0 0.205454743227 0.183101664304 0 0 0 0 0 0 0 0 0 0 0 0.0711955629848 0 0 0.274087220787 0 
PS_23 0 0 0 0 0 0 0.0172058223253 0.0241735306254 0.0461426584723 0 0 0.0725416704979 0 0 0 0 0 0 0 0.162310181213 0 0 0 0 1 0 0.142184967015 0 0 0 0 0 0 0 0.103428381303 0 0 0.0546687054517 0 0.0739108334613 0 0 0 
PD_23 0 0 0 0 0 0 0 0.0723769791609 0 0 0 0.0632730733984 0 0 0 0.0509671022689 0 0 0.0493426560186 0.213760457683 0 0 0 0.0611202492325 0 1 0.118632658207 0.121430756871 0 0 0.0655182138246 0 0.0552603790363 0 0.0631795422414 0.0321001277596 0 0 0 0.101152574994 0 0 0.0961191620062 
NST_23 0 0 0 0.0490778963931 0 0.0156729758285 0 0.046973037354 0.0128058780046 0.0284704052228 0.00647310163695 0 0 0 0 0 0 0 0 0.127330052669 0.0343637818843 0.0328481504967 0 0.0180389481172 0.057438006944 0.0477355369889 1 0.127824790623 0.0695891499967 0.0304015995046 0 0 0 0.0324048503879 0.0740714236977 0 0 0 0 0.13124287968 0.01717524496 0.0452881946995 0 
HEIGHT 0.059503653014 0 0 0.0186450937128 0 0.0119492408525 0 0.0122957793252 0.0119837604603 0.0201614744536 0.0148526639449 0.0146252428128 0 0.0183529312629 0.0245801490678 0.0622029528292 0.0140969362164 0.0157737095766 0.0150793352859 0.0455235874225 0.0153804415784 0.0286222160528 0.0199586047404 0 0 0.0177583116089 0.0610354873974 1 0.0266516413511 0.0136160653476 0 0.0154714568248 0.030063935389 0.0471092495592 0.0350594987063 0 0 0.0388178272749 0 0.0510190756254 0.0100782041906 0 0.0319103399262 
BHM_23 0 0.133596539942 0 0 0.121636630763 0 0 0 0 0 0 0 0 0 0 0 0 0 0.125692508545 0.344260387377 0.187443838406 0 0 0 0 0 0.408931290801 0.339934397261 1 0 0 0 0 0.0857718595644 0 0 0 0 0.175469042601 0 0.0604795665226 0.0536263529453 0 
DIMP_23 0 0.0482098132122 0 0.0358121190919 0 0.0177096235795 0 0 0 0 0 0 0.116373976417 0 0 0 0 0 0 0 0 0 0 0 0 0 0.072098022083 0.0775348328923 0 1 0 0 0.033942854506 0.0695328968275 0 0 0 0 0.0840379115925 0 0 0.0605536375723 0 
RBC 0 0.244168231628 0.468773283688 0 0 0 0.394605567699 0.284104615222 0.248346060732 0 0 0 0.110403495052 0 0 0 0.175484085382 0.064901184865 0 0 0.213037033646 0.117488385765 0.285324062251 0 0 0.158097935112 0 0 0 0 1 0 0.282746874832 0 0.221916806922 0.370548594704 0 0 0 0.194362224977 0.878520485527 0.143403838488 0 
AVD_23 0.944150407496 0 0 0 0 0 0 0 0 0.303271341406 0 0.311210642872 0 0 0 0.953128941911 0 0 0 0 0 0 0 0 0 0 0 0.787363978126 0 0 0 1 0.197004750156 0.553885925204 0 0 0 0 0 0 0 0 0 
PLT 0 0.0395164268874 0.175614327199 0 0 0.0869981434268 0.164781256849 0.114742418294 0 0.115400312897 0 0 0 0.0356234352019 0.061574637996 0 0.151539131254 0.0698381813565 0 0 0.122655289401 0.145591429198 0.200810177067 0 0 0.0837158980641 0 0.289732636004 0 0.0620815676764 0.189958089213 0.0327898470383 1 0 0.143403601551 0 0.748252249789 0.2270640453 0 0.125752342859 0.309928582305 0 0.24553859153 
MPB_23 0.0845790957809 0 0 0 0.0587646005119 0 0 0 0 0 0.0708203436493 0 0.175916477021 0 0 0.0688662237193 0 0 0.0309054464043 0 0 0 0 0 0 0 0.0700479915064 0.252754026396 0.0272131749085 0.061587765467 0 0.0446108805583 0 1 0 0 0 0 0 0.11487159474 0.0406173543623 0 0.0545413252104 
ALL_23 0.0856443640107 0.10629762755 0.0805788513655 0 0 0 0.0988246428892 0.0361213200432 0.0761822837642 0 0.0421813110654 0.0362424560151 0 0 0 0 0.046543768685 0.338327237871 0 0.141365987433 0 0.222501071024 0.043965729985 0 0.111980107166 0.0754006725579 0.20167579084 0.236393080402 0 0 0.091025359721 0 0.0980406167249 0 1 0 0.0263126785538 0.43206548012 0 0.233053232993 0.0726385133768 0.917628188101 0.314013709917 
MCHC 0 0.180754767917 0.414842735985 0 0 0 0.576316697707 0 0 0 0 0 0 0 0 0 0.14852852264 0 0 0 0 0 0.196709484399 0 0 0.131170401637 0 0 0 0 0.569560041408 0 0 0 0 1 0 0.284120340469 0 0.234876762973 0.891233122422 0 0 
MPV 0.073566040724 0.0719347362578 0 0 0 0.0765374031807 0 0.103862956202 0 0 0 0 0 0.0680630542511 0 0 0 0 0 0 0.066796430419 0.0887109877683 0 0 0 0 0 0 0 0 0 0 0.951058249242 0 0.0609670088292 0 1 0 0 0.107498044253 0 0.0971148157262 0 
CD 0 0.128882541568 0.0382992313873 0 0 0.0367318429237 0 0.0979028091416 0.02759844616 0 0.039427901522 0 0.0492794197982 0 0 0 0.0684192328199 0.403973453827 0.0469524042751 0.139052725463 0.11454169678 0.233186383539 0.0970041003367 0 0.0508210087568 0 0 0.183600772995 0 0 0 0 0.119094276874 0 0.309930071593 0.0525311789338 0 1 0 0.152523288697 0.100712379981 0.254793477468 0.854862918022 
NOSE_23 0 0 0 0 0.115120762055 0 0 0 0 0 0 0 0.390098509472 0 0 0 0 0 0.0579650030971 0 0 0 0 0.078975421302 0 0 0 0 0.287265072331 0.368651801119 0 0 0 0 0 0 0 0 1 0 0 0 0 
EDU 0.0934204639295 0.0213695918926 0.0192294691691 0.0214107696453 0 0.0109035882671 0 0.021486076266 0 0.0353881225941 0 0.0501020391299 0 0 0 0.0532289885381 0 0.0361456382877 0 0.324942282921 0.012900372484 0 0 0 0.0352454771369 0.0476335641099 0.163471037428 0.129199122015 0 0 0.0284962981629 0 0.0304834023284 0.0614621976173 0.102082866741 0.0204624504994 0.0166800617511 0.075330933268 0 1 0 0 0 
MCV 0 0.0988327474098 0.249904958479 0 0 0 0.359081745886 0.170756005871 0 0 0 0 0 0 0 0 0.133204928874 0.0718143454963 0 0 0.0962057430039 0.0843211509246 0.179838889627 0 0 0 0.0931521307315 0.111196336263 0.0432325722896 0 0.878090580696 0 0.330921427634 0.0780611708708 0.116664442925 0.541626328557 0 0.205856036087 0 0 1 0 0.117970203008 
ATH_23 0.0790884175621 0.234144710519 0.0762688337383 0.0640627080567 0.0632542487275 0 0.0825184987966 0.0441303609659 0.0744303177091 0.0929691679963 0.12168913289 0.0404174895902 0 0.0938114888164 0 0 0.0707013332978 0.425175948215 0 0.110198053713 0 0.3306539275 0.0872584344432 0.124682792134 0 0 0.183206945108 0 0.0343445168194 0.110928799971 0.0817888534778 0 0 0 0.963180964823 0 0.0604647997689 0.440058641375 0 0 0 1 0.398314352012 
UC 0.0727332689441 0.0955418626412 0 0 0 0 0 0.0715847536904 0 0 0 0 0 0.0342290753143 0.0289311777707 0 0 0.395916153664 0 0 0 0.317747921766 0 0 0 0.0895243551381 0 0.185222430982 0 0 0 0 0.157987312821 0.0628945597762 0.282157143451 0 0 0.857498690665 0 0 0.0677110454942 0.285668741073 1 
