5 9784 14 84613858 87574585 7.52547 4.65568 18.6494 1.38691 24.4544 20.0278 0.145452 0.158488 0.320762 0.312978 0.00134843 4.67864e-11 0.987137 0.0115147 3
6 9820 15 33526377 36814912 5.66505 8.26055 5.77613 22.8092 34.7328 28.5366 0.145452 0.158488 0.320762 0.312978 1.20216e-13 3.27053e-06 0.998013 0.00198377 3
7 9908 16 11262224 13526211 7.3097 4.87409 16.0081 1.60878 24.1167 17.5474 0.145452 0.158488 0.320762 0.312978 0.000136265 8.28151e-11 0.998497 0.00136675 3
11 9761 2 140347645 142858768 4.73954 3.73595 1.51874 -1.1418 3.89488 0.373473 0.145452 0.158488 0.320762 0.312978 0.0390766 0.00297671 0.92753 0.0267503 3
15 9642 3 114807846 118657258 4.43569 7.663 0.108326 17.2352 22.8149 17.3186 0.145452 0.158488 0.320762 0.312978 6.20373e-11 0.00185373 0.994167 0.00397892 3
23 9710 10 10102317 12756604 6.06738 5.72749 7.87318 6.18998 20.7485 13.9771 0.145452 0.158488 0.320762 0.312978 1.1598e-06 2.34778e-07 0.998882 0.00111708 3
25 9774 12 71953637 75651373 7.04685 6.80562 14.9195 13.7169 33.9723 28.6149 0.145452 0.158488 0.320762 0.312978 2.39901e-09 7.8523e-10 0.995422 0.0045778 3
31 9793 18 48562900 51659407 7.23822 4.87673 14.6073 1.00614 23.1819 15.3932 0.145452 0.158488 0.320762 0.312978 8.55966e-05 1.15559e-10 0.99951 0.00040416 3
33 9775 2 17133104 20251444 8.52448 7.29569 24.0135 14.1596 45.3838 38.024 0.145452 0.158488 0.320762 0.312978 2.37275e-10 1.35843e-14 0.99938 0.000620491 3
45 9898 10 25743913 28006078 6.37445 7.89242 9.71468 20.295 34.2638 30.0026 0.145452 0.158488 0.320762 0.312978 9.75107e-12 4.18136e-07 0.986424 0.0135758 3
49 9914 14 62167530 65840963 3.82017 4.17969 -0.912934 -1.10656 -1.28975 -2.0197 0.145452 0.158488 0.320762 0.312978 0.192689 0.172999 0.291522 0.137085 3
54 9937 19 50293421 53473822 4.52982 7.2169 -0.157939 14.9751 19.9189 14.8005 0.145452 0.158488 0.320762 0.312978 8.57527e-10 0.00348919 0.990724 0.00578642 3
60 9869 4 16539530 19714000 4.8021 5.45129 1.22845 4.98405 11.1912 6.19767 0.145452 0.158488 0.320762 0.312978 2.12071e-05 0.000988091 0.992421 0.00656722 3
67 9920 10 131332366 133482769 5.20098 4.13146 3.93622 -0.650871 7.07847 3.28086 0.145452 0.158488 0.320762 0.312978 0.0187963 0.000208545 0.959837 0.0210014 3
69 9979 12 112939118 116053820 4.44105 3.98419 -0.76838 -1.35591 0.116322 -2.12523 0.145452 0.158488 0.320762 0.312978 0.118692 0.0718686 0.634026 0.0657574 3
70 9651 13 18378339 20733084 7.62388 6.16464 17.6063 9.15871 32.3261 26.7377 0.145452 0.158488 0.320762 0.312978 1.8292e-07 4.27342e-11 0.996363 0.00363719 3
71 9893 14 31249149 34179646 5.24631 5.59348 2.36391 4.55783 13.8934 6.80773 0.145452 0.158488 0.320762 0.312978 4.45629e-06 4.3557e-05 0.999136 0.000816009 3
72 9958 15 83747454 86724585 4.67352 3.78299 1.71369 -0.76863 3.91525 0.943103 0.145452 0.158488 0.320762 0.312978 0.0452536 0.00411975 0.902073 0.0450593 3
73 9755 16 3355513 5935817 5.49975 4.47131 4.84276 -0.181319 10.8813 4.60854 0.145452 0.158488 0.320762 0.312978 0.00107832 7.72846e-06 0.997075 0.00183578 3
76 9928 19 59640159 61853913 4.51196 4.739 0.0834871 0.530286 6.35562 0.58188 0.145452 0.158488 0.320762 0.312978 0.000851377 0.00145024 0.994347 0.00301554 3
79 9730 21 19471894 22071902 4.73089 4.14269 -0.193833 -1.54521 0.715084 -1.74023 0.145452 0.158488 0.320762 0.312978 0.129312 0.0364772 0.707685 0.0592706 3
83 9917 5 171953232 174777607 5.30846 6.00658 2.23439 6.28176 17.0586 7.78823 0.145452 0.158488 0.320762 0.312978 1.65354e-07 1.03144e-05 0.999898 9.18781e-05 3
85 9842 7 48214395 51034141 4.37761 7.15026 0.591199 16.8976 21.3075 17.4841 0.145452 0.158488 0.320762 0.312978 4.44467e-10 0.00584636 0.973398 0.020756 3
87 9819 9 13737703 16446284 7.01591 4.93464 13.4184 1.18265 22.2388 14.3637 0.145452 0.158488 0.320762 0.312978 6.69422e-05 3.54038e-10 0.999562 0.000370686 3
90 9846 11 2150393 4635862 4.72475 4.62827 -0.0882353 0.289744 6.86995 0.118183 0.145452 0.158488 0.320762 0.312978 0.000430098 0.000683908 0.997547 0.00113765 3
92 9696 13 24523105 27312958 5.31363 7.57429 1.87097 16.2369 27.1414 16.111 0.145452 0.158488 0.320762 0.312978 4.80534e-12 9.07873e-06 0.999975 1.58085e-05 3
96 9907 17 74840936 77740666 6.5314 4.65443 9.45513 -0.104414 15.6993 9.29127 0.145452 0.158488 0.320762 0.312978 0.000878276 6.74919e-08 0.997517 0.00160422 3
99 9669 2 179096736 182276792 6.02545 5.53522 7.79979 4.92974 19.6876 12.6144 0.145452 0.158488 0.320762 0.312978 3.11421e-06 1.92389e-07 0.99917 0.000826218 3
107 9881 6 65412323 67772995 4.13131 6.02973 -1.22024 6.18302 8.80356 4.95805 0.145452 0.158488 0.320762 0.312978 1.90212e-05 0.034018 0.946201 0.0197347 3
108 9844 7 103325148 106538247 3.57776 4.79427 -1.31278 0.309942 -1.70699 -1.00289 0.145452 0.158488 0.320762 0.312978 0.0797854 0.440495 0.118627 0.234046 3
2 9810 11 33361577 36395663 5.13202 4.26403 3.18374 -0.328141 8.35803 2.83027 0.221608 0.221825 0.315406 0.201709 0.00395061 0.000118005 0.993377 0.00252521 3
7 9895 16 11262224 13526211 6.19302 4.58509 8.56746 0.382847 12.9188 8.94495 0.221608 0.221825 0.315406 0.201709 0.00886975 2.47631e-06 0.979352 0.0117758 3
9 9854 18 41389970 44702873 5.70192 8.14722 5.29304 21.9 34.4431 27.0388 0.221608 0.221825 0.315406 0.201709 1.5376e-13 2.50934e-06 0.999608 0.000389079 3
11 9758 2 140347645 142858768 6.76247 6.85504 11.1054 12.5591 30.5141 23.5627 0.221608 0.221825 0.315406 0.201709 2.61416e-09 1.11969e-08 0.999388 0.000611841 3
12 9903 20 54284093 57298029 4.08882 3.97552 -0.789829 -1.325 1.42631 -2.11832 0.221608 0.221825 0.315406 0.201709 0.0654733 0.0383767 0.854687 0.0157851 3
30 9812 17 10500386 13502550 5.98138 5.28537 7.2272 2.33698 15.4256 9.52773 0.221608 0.221825 0.315406 0.201709 0.000192913 1.45209e-06 0.998053 0.0017523 3
32 9930 19 5208811 7876082 5.88447 5.83358 8.07626 7.90438 21.4133 15.9573 0.221608 0.221825 0.315406 0.201709 1.13061e-06 9.52999e-07 0.997274 0.00272371 3
38 9902 4 38551032 41675707 6.2862 6.80953 8.29189 11.918 24.9509 20.1983 0.221608 0.221825 0.315406 0.201709 4.06811e-08 1.52982e-06 0.99451 0.0054881 3
42 9825 8 17527768 19613312 6.68073 4.9746 11.3546 1.71931 19.4955 13.0093 0.221608 0.221825 0.315406 0.201709 0.000204487 1.33821e-08 0.998822 0.000973688 3
43 9684 9 10648073 12885651 4.80481 6.99969 2.59863 14.5302 22.0018 17.1152 0.221608 0.221825 0.315406 0.201709 2.61676e-09 0.000398109 0.9948 0.0048016 3
51 9810 16 34690477 48224167 6.49273 3.44161 11.5864 -1.21067 13.1325 10.3741 0.221608 0.221825 0.315406 0.201709 0.125774 3.48606e-07 0.840166 0.03406 3
55 9961 2 65728636 68864061 6.68839 5.33835 12.1136 4.72982 22.1955 16.822 0.221608 0.221825 0.315406 0.201709 2.93028e-05 1.82213e-08 0.997013 0.00295721 3
58 9936 22 44576744 47214129 7.21961 6.75653 14.9895 11.1358 33.416 25.9655 0.221608 0.221825 0.315406 0.201709 6.98269e-09 1.48189e-10 0.999628 0.000371541 3
59 9907 3 5833261 8258690 6.69721 6.75808 12.3418 12.5948 31.4264 24.8678 0.221608 0.221825 0.315406 0.201709 3.61372e-09 4.65903e-09 0.999094 0.00090594 3
66 9727 1 97414551 101020183 6.40657 7.00951 9.07821 14.4879 28.5859 23.5504 0.221608 0.221825 0.315406 0.201709 2.35964e-09 5.28021e-07 0.995858 0.0041416 3
69 9981 12 112939118 116053820 4.71425 4.50497 -0.463744 0.0508724 5.3966 -0.44685 0.221608 0.221825 0.315406 0.201709 0.00198718 0.00332781 0.992283 0.00183956 3
70 9640 13 18378339 20733084 7.97791 6.11955 22.2875 8.66938 35.4827 30.9473 0.221608 0.221825 0.315406 0.201709 1.29764e-06 1.58234e-12 0.993188 0.00681047 3
72 9961 15 83747454 86724585 5.84955 6.4308 7.38778 8.63697 17.7949 16.0242 0.221608 0.221825 0.315406 0.201709 1.91443e-05 6.68318e-05 0.901759 0.0981548 3
74 9864 17 61413289 64717569 5.6201 6.13991 5.47078 7.71083 19.6872 13.1114 0.221608 0.221825 0.315406 0.201709 4.70141e-07 4.42071e-06 0.999105 0.000890519 3
77 9936 2 132484411 134510726 7.53239 6.91857 18.26 13.5936 38.4829 31.7743 0.221608 0.221825 0.315406 0.201709 1.15789e-09 1.09016e-11 0.99922 0.000779824 3
78 9936 20 649321 3521062 4.39365 6.05073 0.679538 8.70442 14.52 9.3667 0.221608 0.221825 0.315406 0.201709 6.81354e-07 0.00208431 0.99424 0.00367535 3
79 9718 21 19471894 22071902 3.99526 3.3725 -1.38214 -1.58069 -2.77744 -2.96295 0.221608 0.221825 0.315406 0.201709 0.325753 0.267352 0.114868 0.0610224 3
81 9971 3 22338890 25304837 4.15256 5.19466 -1.12907 4.65819 4.09746 3.52895 0.221608 0.221825 0.315406 0.201709 0.00145163 0.473867 0.384584 0.139298 3
85 9853 7 48214395 51034141 5.29267 7.00928 4.50146 16.0685 24.4493 20.565 0.221608 0.221825 0.315406 0.201709 1.50569e-09 0.000159091 0.986864 0.0129772 3
91 9758 12 61391332 65202444 6.32373 8.49963 8.14478 23.7119 40.3915 31.1195 0.221608 0.221825 0.315406 0.201709 6.95219e-15 4.01094e-08 0.99994 6.01243e-05 3
95 9825 16 7039332 8652472 5.32275 5.38655 4.79751 5.10741 15.7144 9.8704 0.221608 0.221825 0.315406 0.201709 1.2728e-05 1.73689e-05 0.998121 0.00184938 3
99 9679 2 179096736 182276792 5.43327 4.26028 4.40749 -0.610647 10.0232 3.74316 0.221608 0.221825 0.315406 0.201709 0.00254811 1.6877e-05 0.996236 0.00119356 3
102 9929 22 21294586 24228759 4.51447 5.10733 -1.21829 0.802275 7.72833 -0.841959 0.221608 0.221825 0.315406 0.201709 9.1376e-05 0.000689887 0.999043 0.000121174 3
2 9830 11 33361577 36395663 6.77304 6.50165 12.1806 11.3109 28.2737 23.4792 0.219443 0.239022 0.312081 0.202244 7.17066e-08 3.27319e-08 0.994666 0.00533408 3
9 9848 18 41389970 44702873 5.87442 5.82556 6.68114 5.56322 18.9656 12.1563 0.219443 0.239022 0.312081 0.202244 3.24841e-06 1.15686e-06 0.999281 0.000714609 3
13 9867 21 36573183 39566105 5.86557 6.23419 6.04266 8.88667 20.7583 14.8943 0.219443 0.239022 0.312081 0.202244 2.85317e-07 5.34048e-06 0.998157 0.00183688 3
17 9957 5 152531117 155743532 5.25635 5.3527 4.5241 4.10527 13.278 8.61882 0.219443 0.239022 0.312081 0.202244 0.000110295 7.90273e-05 0.993709 0.00610136 3
21 9773 9 67841188 70545037 3.99646 4.69419 -1.04469 1.08985 2.47693 0.0440011 0.219443 0.239022 0.312081 0.202244 0.0162809 0.149904 0.783507 0.04457 3
27 9790 14 85354749 88567724 5.46333 4.73302 3.21257 -0.476047 7.60785 2.72311 0.219443 0.239022 0.312081 0.202244 0.0085553 0.000233025 0.986336 0.00483299 3
30 9821 17 10500386 13502550 5.02017 5.32883 1.88593 3.04057 11.893 4.81223 0.219443 0.239022 0.312081 0.202244 3.1678e-05 0.000109478 0.999314 0.000544738 3
32 9936 19 5208811 7876082 4.18249 5.38158 -1.26426 5.07957 4.80974 3.81504 0.219443 0.239022 0.312081 0.202244 0.000720961 0.446801 0.44541 0.106752 3
37 9586 3 46456309 52678655 5.25968 4.61041 6.20105 3.18128 10.1235 9.38212 0.219443 0.239022 0.312081 0.202244 0.0105162 0.000559116 0.755615 0.233307 3
40 9996 6 31431970 32638363 4.60524 4.10068 2.84297 0.959526 6.93952 3.80019 0.219443 0.239022 0.312081 0.202244 0.0112245 0.00185915 0.959893 0.0269424 3
41 9896 7 77472014 80584239 6.32835 6.24612 8.68918 7.95225 24.0412 16.4608 0.219443 0.239022 0.312081 0.202244 1.51224e-07 7.88302e-08 0.999669 0.000330625 3
45 9896 10 25743913 28006078 5.79161 6.71322 6.57884 12.8184 24.6214 19.3783 0.219443 0.239022 0.312081 0.202244 1.02276e-08 5.71059e-06 0.996582 0.00341229 3
46 9698 11 58247279 61863825 5.55396 5.87577 4.17486 5.75872 16.5251 9.85545 0.219443 0.239022 0.312081 0.202244 3.04125e-06 1.61446e-05 0.999159 0.000821587 3
47 9877 12 119524757 123314550 6.86327 5.16237 12.0405 2.009 21.8241 13.7739 0.219443 0.239022 0.312081 0.202244 3.96274e-05 1.89877e-09 0.999754 0.000206702 3
48 9773 13 102020900 104860677 4.20705 5.84069 -0.256031 7.02736 11.5327 6.75929 0.219443 0.239022 0.312081 0.202244 5.26308e-06 0.00834622 0.986246 0.00540142 3
51 9807 16 34690477 48224167 5.67368 6.39637 4.48839 11.0708 19.0036 15.556 0.219443 0.239022 0.312081 0.202244 3.42139e-07 0.00026917 0.97953 0.0202003 3
53 9809 18 33673621 37240976 4.9683 6.23014 2.00543 8.55812 16.7045 10.515 0.219443 0.239022 0.312081 0.202244 2.90167e-07 0.000221595 0.998451 0.00132702 3
55 9962 2 65728636 68864061 3.97374 5.34178 -0.790186 4.24976 8.10551 3.44906 0.219443 0.239022 0.312081 0.202244 9.41989e-05 0.0158482 0.978011 0.00602115 3
70 9656 13 18378339 20733084 6.90976 6.92008 13.5438 13.5546 30.9321 27.0935 0.219443 0.239022 0.312081 0.202244 1.94713e-08 2.14385e-08 0.986243 0.0137574 3
72 9946 15 83747454 86724585 3.53474 5.35062 -1.30261 5.59213 6.73318 4.28836 0.219443 0.239022 0.312081 0.202244 0.000174905 0.188045 0.768501 0.0431997 3
75 9849 18 41527221 44836357 4.08517 5.64786 -1.17719 3.83287 6.76549 2.64947 0.219443 0.239022 0.312081 0.202244 0.000237519 0.0387842 0.950833 0.0100496 3
87 9816 9 13737703 16446284 5.33313 6.49302 3.10563 9.81325 20.5528 12.6824 0.219443 0.239022 0.312081 0.202244 1.86095e-08 1.65933e-05 0.999736 0.00024742 3
95 9812 16 7039332 8652472 5.285 6.78007 3.88209 13.7979 21.7162 17.6743 0.219443 0.239022 0.312081 0.202244 1.24956e-08 0.000275595 0.988474 0.0112504 3
97 9782 18 48065150 50748866 5.36385 7.78248 3.79725 18.9139 29.7956 22.5811 0.219443 0.239022 0.312081 0.202244 3.59676e-12 1.43922e-05 0.999509 0.000476643 3
102 9924 22 21294586 24228759 5.65878 6.92089 3.60349 11.5157 24.2988 11.3378 0.219443 0.239022 0.312081 0.202244 7.2306e-10 2.1504e-06 0.999996 1.52303e-06 3
106 9913 5 165203106 168801865 4.12073 4.38421 -0.949331 -1.26643 0.13055 -2.21682 0.219443 0.239022 0.312081 0.202244 0.15243 0.120912 0.638268 0.0395514 3
108 9868 7 103325148 106538247 6.36787 4.17018 11.5269 -0.658559 14.347 10.8651 0.219443 0.239022 0.312081 0.202244 0.0394695 2.19429e-07 0.941764 0.0187662 3
110 9737 9 73343131 77044657 5.86325 5.05516 6.76549 2.97451 15.1249 9.71734 0.219443 0.239022 0.312081 0.202244 0.000164165 4.0364e-06 0.996936 0.00289606 3
0 9972 1 3396903 5732682 5.95739 6.13586 5.29211 6.45241 20.8604 9.30976 0.199647 0.276139 0.322497 0.162318 1.07282e-07 4.73488e-07 0.999995 4.84706e-06 3
1 9658 10 122297656 125147452 7.55135 4.8591 17.0366 0.769772 25.1071 17.6398 0.199647 0.276139 0.322497 0.162318 0.000193441 2.30584e-11 0.999519 0.000287506 3
9 9838 18 41389970 44702873 5.19854 5.63014 2.65796 4.31027 13.6141 6.88678 0.199647 0.276139 0.322497 0.162318 1.0796e-05 7.79327e-05 0.999309 0.00060245 3
10 9961 19 1899089 4657266 5.83335 6.07004 5.1061 6.8306 20.1491 11.4745 0.199647 0.276139 0.322497 0.162318 1.81388e-07 1.40739e-06 0.999912 8.5999e-05 3
11 9764 2 140347645 142858768 6.84461 5.15684 13.5897 3.32678 20.484 16.9128 0.199647 0.276139 0.322497 0.162318 0.000618329 2.98514e-08 0.985432 0.0139492 3
17 9964 5 152531117 155743532 5.932 4.54038 7.30179 0.427251 12.511 7.71699 0.199647 0.276139 0.322497 0.162318 0.00335834 4.80194e-06 0.992501 0.00413571 3
19 9857 7 117656302 121934604 6.72074 5.81825 12.3657 7.39357 24.9351 19.7411 0.199647 0.276139 0.322497 0.162318 2.14632e-06 2.05688e-08 0.997212 0.0027856 3
21 9773 9 67841188 70545037 5.62331 3.94042 3.86234 -1.13583 3.09129 2.72636 0.199647 0.276139 0.322497 0.162318 0.494635 0.00461823 0.36956 0.129135 3
22 9796 1 58832356 62447973 6.33543 6.6092 10.1342 11.7912 27.2407 21.9044 0.199647 0.276139 0.322497 0.162318 2.29829e-08 1.66689e-07 0.997583 0.00241681 3
28 9665 15 69007010 73520046 5.09052 4.74643 2.33538 1.18572 9.28833 3.48747 0.199647 0.276139 0.322497 0.162318 0.000590304 0.000258614 0.997621 0.0015189 3
29 9792 16 74751935 76798407 5.71235 5.82937 6.46313 8.05811 19.9231 14.4983 0.199647 0.276139 0.322497 0.162318 8.81455e-07 6.0084e-06 0.99778 0.00221284 3
30 9812 17 10500386 13502550 8.45285 6.9532 24.5023 12.3852 43.012 36.8398 0.199647 0.276139 0.322497 0.162318 5.65777e-09 4.27651e-14 0.998951 0.00104918 3
31 9778 18 48562900 51659407 5.36748 3.45308 2.99922 -1.42835 5.48354 1.56574 0.199647 0.276139 0.322497 0.162318 0.0485601 0.000802193 0.940745 0.0094153 3
32 9931 19 5208811 7876082 4.97946 4.75335 3.40697 1.90751 10.3572 5.29876 0.199647 0.276139 0.322497 0.162318 0.000590992 0.000182489 0.996036 0.00318625 3
34 9951 20 1254103 4152554 4.38845 4.34778 -1.07145 -1.11963 4.20301 -2.25309 0.199647 0.276139 0.322497 0.162318 0.00313877 0.00413715 0.990133 0.000782863 3
45 9895 10 25743913 28006078 6.37513 6.06239 11.203 8.92917 25.21 20.1158 0.199647 0.276139 0.322497 0.162318 5.09622e-07 7.25447e-08 0.996922 0.00307711 3
57 9741 21 21126615 23899366 5.70327 3.93911 4.45541 -1.44777 8.20377 2.98894 0.199647 0.276139 0.322497 0.162318 0.0143335 5.41377e-05 0.982891 0.0026889 3
61 9956 5 72793735 76035163 4.83741 5.05888 3.50846 3.56491 11.5762 7.06426 0.199647 0.276139 0.322497 0.162318 0.000192921 0.000282335 0.994031 0.00549227 3
65 9957 9 94829879 98244001 6.29566 5.99852 7.52121 6.13785 21.4036 13.3952 0.199647 0.276139 0.322497 0.162318 5.78901e-07 2.00764e-07 0.999832 0.000167403 3
69 9980 12 112939118 116053820 4.49692 4.73175 -1.06859 0.898999 6.0205 -0.219714 0.199647 0.276139 0.322497 0.162318 0.000512857 0.0050743 0.993144 0.000974461 3
71 9897 14 31249149 34179646 4.07786 5.59583 -0.913579 4.31388 9.26213 3.36415 0.199647 0.276139 0.322497 0.162318 2.34014e-05 0.00603067 0.992563 0.00137134 3
75 9840 18 41527221 44836357 3.6766 3.87697 -1.58422 -1.4353 -2.9186 -3.01963 0.199647 0.276139 0.322497 0.162318 0.238878 0.383456 0.101607 0.0462262 3
77 9931 2 132484411 134510726 4.89332 6.3395 1.07267 9.22581 16.2243 10.26 0.199647 0.276139 0.322497 0.162318 1.62392e-07 0.000780358 0.997929 0.00129029 3
80 9946 22 27513133 31180800 5.16923 5.5471 4.28404 4.77894 14.4725 9.04025 0.199647 0.276139 0.322497 0.162318 2.32257e-05 5.26949e-05 0.997728 0.0021962 3
82 9784 4 8231995 10560584 5.26252 4.52567 3.71284 1.75367 7.28546 5.46588 0.199647 0.276139 0.322497 0.162318 0.0157692 0.00307483 0.907077 0.0740034 3
86 9823 8 88335888 91928005 6.26558 4.82263 8.96832 0.871565 12.3604 9.83861 0.199647 0.276139 0.322497 0.162318 0.0196228 8.2652e-06 0.942277 0.0380919 3
90 9835 11 2150393 4635862 5.0093 5.12045 1.62259 1.01858 10.4006 2.36899 0.199647 0.276139 0.322497 0.162318 9.53573e-05 7.20949e-05 0.999665 0.000163538 3
95 9821 16 7039332 8652472 7.19198 3.89129 16.2851 -0.539349 20.1491 15.7374 0.199647 0.276139 0.322497 0.162318 0.0127462 8.69948e-10 0.981261 0.00599267 3
99 9675 2 179096736 182276792 7.12762 4.08063 13.9901 -0.970752 18.9517 12.9796 0.199647 0.276139 0.322497 0.162318 0.00431031 1.89651e-09 0.994414 0.00127573 3
103 9929 22 31214878 33752431 7.11962 5.95724 15.3149 8.04531 26.1856 23.3585 0.199647 0.276139 0.322497 0.162318 1.14262e-05 1.10058e-08 0.971062 0.0289268 3
109 9949 8 109691459 114156136 6.378 5.39533 10.7025 4.5907 20.668 15.2712 0.199647 0.276139 0.322497 0.162318 2.90241e-05 8.89845e-08 0.997696 0.00227536 3
1 9669 10 122297656 125147452 5.15833 6.152 3.44591 8.08423 17.9333 11.4657 0.179654 0.22776 0.276046 0.271155 3.31876e-07 4.34924e-05 0.998433 0.00152296 3
13 9858 21 36573183 39566105 6.47508 5.11397 9.82493 3.25898 17.9138 13.0711 0.179654 0.22776 0.276046 0.271155 0.000198181 3.53629e-07 0.992116 0.0076851 3
16 9966 4 98528747 101935690 5.58968 6.43953 3.9197 8.72411 20.6142 12.3008 0.179654 0.22776 0.276046 0.271155 3.65606e-08 5.65699e-06 0.999754 0.000240796 3
17 9959 5 152531117 155743532 4.58376 5.49969 1.14574 5.42955 12.3039 6.54392 0.179654 0.22776 0.276046 0.271155 9.24259e-06 0.000849704 0.996057 0.00308301 3
36 9922 22 35705614 39771883 4.03132 5.01311 -1.58842 1.35108 5.83377 -0.281978 0.179654 0.22776 0.276046 0.271155 0.000384331 0.00921194 0.987786 0.00214223 3
37 9590 3 46456309 52678655 6.81459 5.74875 14.1994 8.15297 26.3644 22.3466 0.179654 0.22776 0.276046 0.271155 3.33151e-06 9.99457e-09 0.982631 0.0173661 3
39 9815 5 14198624 17667860 4.20208 4.0754 -0.948281 -0.927445 -1.61231 -1.87586 0.179654 0.22776 0.276046 0.271155 0.230708 0.298643 0.182483 0.137722 3
40 9995 6 31431970 32638363 5.40012 3.98553 6.20862 -0.0780353 9.80151 6.12665 0.179654 0.22776 0.276046 0.271155 0.0171733 4.0517e-05 0.958897 0.0238801 3
41 9887 7 77472014 80584239 7.30728 7.22642 15.4418 14.7632 37.898 29.9543 0.179654 0.22776 0.276046 0.271155 1.15007e-10 7.39688e-11 0.999652 0.000348494 3
53 9805 18 33673621 37240976 6.16021 7.03543 8.11653 13.521 28.3853 21.5466 0.179654 0.22776 0.276046 0.271155 1.02417e-09 2.88765e-07 0.998948 0.00105139 3
55 9968 2 65728636 68864061 4.53066 6.69501 1.21041 12.896 18.7283 14.0962 0.179654 0.22776 0.276046 0.271155 1.5862e-08 0.00238995 0.988162 0.00944822 3
61 9952 5 72793735 76035163 4.36242 4.54286 0.570936 -0.548215 1.6505 0.0222092 0.179654 0.22776 0.276046 0.271155 0.143858 0.0595572 0.65062 0.125432 3
69 9979 12 112939118 116053820 4.18474 5.75469 -1.53824 4.47201 10.358 2.74989 0.179654 0.22776 0.276046 0.271155 4.42352e-06 0.00228574 0.997218 0.000486251 3
71 9890 14 31249149 34179646 5.48988 5.0714 4.4057 1.9137 13.4297 6.18723 0.179654 0.22776 0.276046 0.271155 7.8354e-05 8.21937e-06 0.999211 0.000702347 3
75 9847 18 41527221 44836357 4.24204 4.98011 -1.14036 0.427492 4.41523 -0.73015 0.179654 0.22776 0.276046 0.271155 0.00245327 0.0149175 0.97511 0.00558059 3
77 9936 2 132484411 134510726 4.90539 4.84606 1.1373 1.94899 8.71026 3.05802 0.179654 0.22776 0.276046 0.271155 0.000333042 0.000950714 0.995258 0.00343112 3
81 9968 3 22338890 25304837 6.28601 5.99792 9.16961 8.88721 21.9999 18.0516 0.179654 0.22776 0.276046 0.271155 1.71071e-06 1.63522e-06 0.981403 0.018594 3
84 9981 6 146958779 150339910 4.03653 3.64826 -1.34669 -1.49422 -2.2892 -2.84108 0.179654 0.22776 0.276046 0.271155 0.249841 0.273299 0.149583 0.0846137 3
86 9862 8 88335888 91928005 7.5701 6.62615 18.3529 12.1205 36.4772 30.4314 0.179654 0.22776 0.276046 0.271155 8.73286e-09 2.17513e-11 0.99768 0.00232049 3
89 9874 10 53544648 56018906 5.78988 6.31822 5.96359 8.63634 19.768 14.582 0.179654 0.22776 0.276046 0.271155 6.54479e-07 1.20142e-05 0.994522 0.00546512 3
90 9847 11 2150393 4635862 4.70092 4.75675 -0.0266591 -0.535744 7.05627 -0.79402 0.179654 0.22776 0.276046 0.271155 0.000545419 0.000415603 0.998515 0.000382166 3
92 9704 13 24523105 27312958 6.11118 5.80736 6.28755 4.56801 19.9559 8.28965 0.179654 0.22776 0.276046 0.271155 7.53987e-07 1.71246e-07 0.999991 8.42652e-06 3
97 9777 18 48065150 50748866 7.58108 6.31404 17.2868 9.54475 31.2921 26.8227 0.179654 0.22776 0.276046 0.271155 5.32336e-07 2.93021e-10 0.988874 0.011126 3
105 9591 4 48977443 55009203 6.15505 3.72382 8.7181 -1.27476 10.3654 7.4414 0.179654 0.22776 0.276046 0.271155 0.106377 6.16657e-06 0.848824 0.0447883 3
109 9936 8 109691459 114156136 5.8962 6.3215 7.83672 10.7516 23.8912 18.5679 0.179654 0.22776 0.276046 0.271155 6.90247e-08 1.61417e-06 0.995231 0.0047672 3
4 9522 13 36533589 39357508 6.6113 4.98648 11.6161 2.49228 20.0091 14.0693 0.284536 0.282616 0.306954 0.0958325 0.000209694 2.27097e-08 0.998969 0.000821028 3
6 9823 15 33526377 36814912 4.85036 6.06425 2.21333 8.0221 15.4085 10.2173 0.284536 0.282616 0.306954 0.0958325 1.71975e-06 0.00056917 0.997696 0.0017335 3
8 9841 17 52581800 57696171 6.06416 6.36765 7.52922 8.77704 23.9236 16.0748 0.284536 0.282616 0.306954 0.0958325 7.0309e-08 2.43218e-07 0.999878 0.000121815 3
10 9947 19 1899089 4657266 5.84851 7.00669 5.58031 12.7161 26.5372 17.8164 0.284536 0.282616 0.306954 0.0958325 7.33807e-10 9.15569e-07 0.999948 5.09344e-05 3
16 9971 4 98528747 101935690 5.97867 5.93644 6.20963 5.77293 20.0482 11.598 0.284536 0.282616 0.306954 0.0958325 9.05747e-07 5.81314e-07 0.999932 6.67602e-05 3
19 9866 7 117656302 121934604 3.69675 4.76208 -1.27683 2.56606 5.35943 1.28328 0.284536 0.282616 0.306954 0.0958325 0.00114367 0.0530038 0.940436 0.00498331 3
21 9771 9 67841188 70545037 4.78859 5.673 0.422032 5.45057 12.6161 5.78176 0.284536 0.282616 0.306954 0.0958325 4.68582e-06 0.000710746 0.998949 0.000335631 3
23 9709 10 10102317 12756604 4.82781 5.23571 1.82804 2.53994 10.0668 4.33676 0.284536 0.282616 0.306954 0.0958325 0.000244491 0.000494876 0.998245 0.00101195 3
26 9693 13 108802360 111579207 6.22383 6.11716 7.47198 6.99467 22.6825 13.986 0.284536 0.282616 0.306954 0.0958325 2.29728e-07 1.41573e-07 0.999947 5.21912e-05 3
27 9776 14 85354749 88567724 4.17512 5.11408 -0.927215 1.50995 7.19194 0.50381 0.284536 0.282616 0.306954 0.0958325 0.000274966 0.00312454 0.99614 0.000387384 3
34 9958 20 1254103 4152554 4.50198 5.4507 0.434823 3.25268 8.91773 3.66856 0.284536 0.282616 0.306954 0.0958325 0.000190899 0.00317426 0.99499 0.00163145 3
38 9898 4 38551032 41675707 3.78431 3.64926 -1.43233 -1.66716 -1.89152 -3.09983 0.284536 0.282616 0.306954 0.0958325 0.336358 0.264166 0.229252 0.0213793 3
44 9783 1 205954619 209274912 7.68503 5.44457 17.4422 4.43674 25.6195 21.8747 0.284536 0.282616 0.306954 0.0958325 0.000258474 5.77109e-10 0.992417 0.00732437 3
45 9897 10 25743913 28006078 5.62458 4.15314 5.74917 0.0909321 9.76315 5.83498 0.284536 0.282616 0.306954 0.0958325 0.0163665 5.67122e-05 0.977565 0.0060062 3
62 9873 6 116195231 119789644 7.75592 5.50929 17.7799 3.34134 29.6905 20.3587 0.284536 0.282616 0.306954 0.0958325 6.22752e-06 3.31741e-12 0.999966 2.76468e-05 3
71 9897 14 31249149 34179646 5.46748 4.91568 3.98769 1.23402 12.7748 5.00771 0.284536 0.282616 0.306954 0.0958325 0.000141491 8.9513e-06 0.999717 0.000132158 3
75 9847 18 41527221 44836357 3.99209 5.57532 -1.13061 3.47056 6.11949 2.33549 0.284536 0.282616 0.306954 0.0958325 0.000613404 0.0606832 0.931889 0.00661348 3
76 9926 19 59640159 61853913 5.63709 5.39317 4.78669 3.2494 13.4216 8.01386 0.284536 0.282616 0.306954 0.0958325 0.000164548 3.51328e-05 0.998403 0.00139704 3
79 9732 21 19471894 22071902 5.05333 4.23514 1.16273 -1.01594 6.81268 0.0626657 0.284536 0.282616 0.306954 0.0958325 0.00324745 0.000365105 0.995916 0.000364055 3
80 9941 22 27513133 31180800 5.59907 5.57625 5.74424 6.61597 17.0546 12.3492 0.284536 0.282616 0.306954 0.0958325 1.13188e-05 2.6881e-05 0.997146 0.00281612 3
91 9763 12 61391332 65202444 7.25521 6.84417 14.3467 11.7937 34.4146 25.627 0.284536 0.282616 0.306954 0.0958325 1.78527e-09 1.38041e-10 0.999952 4.76457e-05 3
99 9700 2 179096736 182276792 5.99519 4.83562 7.33125 0.526266 14.0837 7.80396 0.284536 0.282616 0.306954 0.0958325 0.00108094 1.18986e-06 0.998334 0.000584084 3
100 9938 20 37488842 41249232 4.70741 5.04731 1.32419 2.85589 9.8147 4.1515 0.284536 0.282616 0.306954 0.0958325 0.000189996 0.000872996 0.99785 0.00108145 3
101 9920 21 43247921 46085555 5.34144 5.13281 2.43337 1.48391 10.1895 3.86241 0.284536 0.282616 0.306954 0.0958325 0.000396412 0.000152358 0.99889 0.000557378 3
102 9931 22 21294586 24228759 6.5696 4.06287 9.26759 -1.2329 14.4793 7.96923 0.284536 0.282616 0.306954 0.0958325 0.00502645 1.37409e-07 0.994511 0.000462131 3
103 9929 22 31214878 33752431 5.87758 7.42293 5.51166 15.6569 28.1662 21.0519 0.284536 0.282616 0.306954 0.0958325 1.34337e-10 3.39858e-06 0.999743 0.000253861 3
105 9591 4 48977443 55009203 3.84679 3.99329 -1.02844 -1.02735 -1.06939 -2.05608 0.284536 0.282616 0.306954 0.0958325 0.290204 0.28856 0.30051 0.0349771 3
110 9758 9 73343131 77044651 5.91068 5.8639 6.44429 6.41704 20.117 12.7045 0.284536 0.282616 0.306954 0.0958325 1.06906e-06 1.03331e-06 0.999809 0.000188439 3
9 9850 18 41389970 44702873 5.76687 7.97175 4.99403 19.5373 32.7021 24.0866 0.201611 0.156769 0.322533 0.289128 5.78627e-13 9.31563e-07 0.999837 0.000162474 3
10 9953 19 1899089 4657266 6.06543 6.84776 6.09127 11.8815 26.2646 17.4603 0.201611 0.156769 0.322533 0.289128 1.08324e-09 2.75508e-07 0.999865 0.000134527 3
13 9874 21 36573183 39566105 5.01845 5.50846 1.96289 4.29973 12.8828 6.18361 0.201611 0.156769 0.322533 0.289128 1.1297e-05 9.09034e-05 0.998795 0.001103 3
16 9968 4 98528747 101935690 6.63885 8.78882 9.99569 26.3174 45.0386 35.3513 0.201611 0.156769 0.322533 0.289128 3.7754e-16 3.59861e-09 0.999944 5.56339e-05 3
24 9724 11 19510513 22379539 5.53731 6.42963 5.12808 8.80735 14.5181 13.9352 0.201611 0.156769 0.322533 0.289128 3.47692e-05 0.00107108 0.665718 0.333176 3
25 9695 12 71953637 75651373 5.35349 6.38037 5.2517 10.6038 20.982 15.838 0.201611 0.156769 0.322533 0.289128 9.16427e-08 1.50392e-05 0.994782 0.00520271 3
33 9766 2 17133104 20251444 6.49026 7.15728 8.84524 13.1748 30.9822 20.4158 0.201611 0.156769 0.322533 0.289128 1.52044e-10 8.9742e-09 0.999977 2.30973e-05 3
37 9594 3 46456309 52678655 4.70417 6.36551 4.16863 12.2508 19.1251 16.4179 0.201611 0.156769 0.322533 0.289128 1.88364e-07 0.000474026 0.943114 0.0564117 3
38 9902 4 38551032 41675707 4.24362 5.25908 -1.12089 3.20958 7.25931 2.07075 0.201611 0.156769 0.322533 0.289128 0.000141438 0.00835621 0.986503 0.00493463 3
45 9889 10 25743913 28006078 6.13191 6.40748 8.9544 11.4132 26.055 20.3373 0.201611 0.156769 0.322533 0.289128 2.33338e-08 2.12117e-07 0.997061 0.00293829 3
46 9698 11 58247279 61863825 4.98417 5.03426 0.532081 1.52804 9.5004 1.86699 0.201611 0.156769 0.322533 0.289128 7.95704e-05 0.000167508 0.999312 0.000433583 3
47 9875 12 119524757 123314550 6.25186 7.06142 7.85653 13.1596 28.3618 20.8455 0.201611 0.156769 0.322533 0.289128 7.77008e-10 1.21413e-07 0.999512 0.000487557 3
53 9813 18 33673621 37240976 5.46684 6.56293 3.14878 10.2569 19.6242 13.3531 0.201611 0.156769 0.322533 0.289128 4.36509e-08 4.14699e-05 0.998267 0.00169144 3
55 9966 2 65728636 68864061 6.25256 4.03455 9.38729 0.00925134 14.1038 9.38537 0.201611 0.156769 0.322533 0.289128 0.00551743 3.62785e-07 0.986585 0.00789728 3
60 9870 4 16539530 19714000 4.93403 4.07306 2.03184 -0.826937 6.9486 1.17276 0.201611 0.156769 0.322533 0.289128 0.00454264 0.000202535 0.992407 0.00275924 3
73 9726 16 3355513 5935817 6.98213 3.78815 14.2242 -1.18466 17.2476 13.0327 0.201611 0.156769 0.322533 0.289128 0.0291321 4.60373e-09 0.958178 0.0126895 3
75 9856 18 41527221 44836357 4.79508 3.30579 -0.204395 -1.89301 0.677479 -2.09903 0.201611 0.156769 0.322533 0.289128 0.184988 0.0265786 0.714818 0.0398924 3
76 9922 19 59640159 61853913 5.24534 4.19759 2.86107 -0.974692 3.52778 1.88585 0.201611 0.156769 0.322533 0.289128 0.213576 0.00358466 0.665519 0.115505 3
81 9957 3 22338890 25304837 5.61532 6.63133 6.14347 11.105 21.5837 17.2408 0.201611 0.156769 0.322533 0.289128 1.21706e-07 1.35149e-05 0.988468 0.011518 3
86 9819 8 88335888 91928005 5.16365 7.02457 3.71305 13.8495 22.9289 17.5405 0.201611 0.156769 0.322533 0.289128 2.81076e-09 5.51805e-05 0.995865 0.00407944 3
87 9799 9 13737703 16446284 6.35865 6.67996 8.97588 11.104 27.4837 19.8964 0.201611 0.156769 0.322533 0.289128 5.72652e-09 3.73982e-08 0.999546 0.00045414 3
90 9844 11 2150393 4635862 3.82586 4.55926 -1.57329 0.625649 2.35186 -0.950396 0.201611 0.156769 0.322533 0.289128 0.0108171 0.0758303 0.87668 0.0289206 3
91 9728 12 61391332 65202444 6.43052 6.30542 8.26725 8.06654 24.8848 15.5753 0.201611 0.156769 0.322533 0.289128 3.7932e-08 2.41313e-08 0.999919 8.11721e-05 3
96 9904 17 74840936 77740666 7.34704 6.07301 15.565 7.07918 30.5138 22.3374 0.201611 0.156769 0.322533 0.289128 2.01217e-07 3.22896e-11 0.999748 0.000252031 3
99 9660 2 179096736 182276792 4.03947 4.86822 -0.763294 1.72239 4.40281 0.955854 0.201611 0.156769 0.322533 0.289128 0.00334459 0.0312326 0.937594 0.0267631 3
100 9938 20 37488842 41249232 4.54208 4.4591 1.09777 0.668729 6.79747 1.75097 0.201611 0.156769 0.322533 0.289128 0.00207343 0.0010498 0.99106 0.00571412 3
101 9927 21 43247921 46085555 6.46873 5.1597 9.13531 2.10505 18.9367 10.9898 0.201611 0.156769 0.322533 0.289128 3.46003e-05 2.38024e-08 0.999648 0.000316985 3
104 9921 3 29641436 32646393 5.69127 7.84048 3.83444 18.3321 31.3595 17.494 0.201611 0.156769 0.322533 0.289128 6.94931e-13 1.06889e-06 0.999998 8.52666e-07 3
105 9591 4 48977443 55009203 3.22918 4.11296 -1.707 -0.675167 -2.54729 -2.38226 0.201611 0.156769 0.322533 0.289128 0.184447 0.402472 0.12735 0.134644 3
106 9908 5 165203106 168801865 3.93081 4.85939 -0.726433 -0.00577484 2.02697 -0.733803 0.201611 0.156769 0.322533 0.289128 0.0339683 0.0542994 0.85294 0.0483558 3
107 9880 6 65412323 67772995 5.34207 5.63014 2.46139 6.6291 12.0587 9.08852 0.201611 0.156769 0.322533 0.289128 4.04994e-05 0.00203331 0.954057 0.0438682 3
108 9858 7 103325148 106538247 3.96858 3.5218 0.082678 -1.54469 -0.612991 -1.46225 0.201611 0.156769 0.322533 0.289128 0.417822 0.0638234 0.333369 0.127825 3
0 9970 1 3396903 5732682 6.42316 7.40991 8.15919 14.9755 32.3418 14.7634 0.218992 0.176894 0.297758 0.244669 2.31302e-11 1.70516e-08 1 1.90759e-08 3
3 9973 12 108036186 112828201 5.39313 5.68901 3.84148 6.06793 16.33 9.84583 0.218992 0.176894 0.297758 0.244669 2.76889e-06 2.07266e-05 0.998723 0.00125347 3
5 9804 14 84613858 87574585 6.32202 7.61595 11.6593 20.3318 36.1431 31.9845 0.218992 0.176894 0.297758 0.244669 1.68974e-11 7.97094e-08 0.98732 0.0126799 3
9 9856 18 41389970 44702873 8.03795 4.34368 20.5638 -0.158569 25.9676 20.3784 0.218992 0.176894 0.297758 0.244669 0.00328833 2.65861e-12 0.993659 0.00305232 3
11 9746 2 140347645 142858768 4.62062 5.12775 0.56658 2.84986 7.97258 3.40662 0.218992 0.176894 0.297758 0.244669 0.000441306 0.00349655 0.987552 0.00843926 3
12 9903 20 54284093 57298029 5.45683 6.39563 2.67698 8.18834 20.0383 7.26323 0.218992 0.176894 0.297758 0.244669 2.12153e-08 4.24119e-06 0.999993 2.32585e-06 3
16 9974 4 98528747 101935690 7.46235 6.03418 16.271 7.33939 30.646 23.4895 0.218992 0.176894 0.297758 0.244669 4.20073e-07 4.48376e-11 0.999359 0.000640326 3
17 9959 5 152531117 155743532 4.65007 3.69082 1.14186 -1.3537 1.57905 -0.212446 0.218992 0.176894 0.297758 0.244669 0.281677 0.0187597 0.593002 0.0812331 3
25 9767 12 71953637 75651373 6.09202 5.35344 8.75427 4.52938 18.3336 13.2676 0.218992 0.176894 0.297758 0.244669 5.05893e-05 5.97719e-07 0.994793 0.00515586 3
29 9799 16 74751935 76798407 7.02317 4.07332 14.6214 -0.531826 18.0455 14.0842 0.218992 0.176894 0.297758 0.244669 0.0230479 4.88613e-09 0.961904 0.0150484 3
38 9904 4 38551032 41675707 3.57638 5.89103 -1.85528 7.04681 8.91395 5.18735 0.218992 0.176894 0.297758 0.244669 1.39181e-05 0.0826024 0.899563 0.0177952 3
45 9892 10 25743913 28006078 5.79184 5.71564 7.54995 6.5006 19.1638 14.0336 0.218992 0.176894 0.297758 0.244669 6.61672e-06 1.87154e-06 0.995154 0.00483735 3
50 9783 15 27380335 31326242 7.87381 4.31746 20.8388 -0.417258 26.0264 20.3934 0.218992 0.176894 0.297758 0.244669 0.00407922 1.93409e-12 0.993001 0.00291931 3
58 9936 22 44576744 47214129 5.4521 4.74455 3.83921 0.986699 10.9814 4.77732 0.218992 0.176894 0.297758 0.244669 0.000580477 2.70543e-05 0.997732 0.0016571 3
63 9817 7 46527903 49253622 6.55824 5.65627 10.9119 5.04736 22.875 15.8509 0.218992 0.176894 0.297758 0.244669 4.68534e-06 1.07425e-08 0.999264 0.000730933 3
64 9971 8 79605730 83456325 6.5761 4.73223 10.8781 1.16313 17.8153 12.0084 0.218992 0.176894 0.297758 0.244669 0.000711853 3.47162e-08 0.996825 0.00246282 3
75 9861 18 41527221 44836357 3.71735 3.4666 -1.74256 -1.47681 -2.96054 -3.2195 0.218992 0.176894 0.297758 0.244669 0.231483 0.243905 0.0931093 0.0590532 3
79 9731 21 19471894 22071902 3.8089 5.25937 -1.58559 1.86939 6.25776 0.24257 0.218992 0.176894 0.297758 0.244669 0.000285688 0.00730553 0.99003 0.0019861 3
84 9983 6 146958779 150339910 4.25496 3.58778 -0.473567 -1.12971 -1.15956 -1.60343 0.218992 0.176894 0.297758 0.244669 0.342808 0.143673 0.234727 0.123739 3
86 9864 8 88335888 91928005 4.55907 5.68871 0.0385757 6.43275 11.9966 6.44556 0.218992 0.176894 0.297758 0.244669 4.68687e-06 0.00226529 0.994555 0.00317358 3
98 9896 19 18794927 21475902 6.0458 7.71164 7.13933 19.3466 32.273 26.4525 0.218992 0.176894 0.297758 0.244669 8.91417e-12 1.44188e-06 0.997567 0.00243118 3
101 9927 21 43247921 46085555 5.4804 6.54087 2.9439 10.0064 20.1292 12.8087 0.218992 0.176894 0.297758 0.244669 2.52836e-08 2.38423e-05 0.999433 0.000543499 3
103 9943 22 31214878 33752431 6.82146 6.06282 11.6002 7.1526 26.6713 18.4293 0.218992 0.176894 0.297758 0.244669 2.09487e-07 1.98105e-09 0.999783 0.000216357 3
104 9932 3 29641436 32646393 5.7114 3.93055 4.0117 -1.45819 7.90957 2.53194 0.218992 0.176894 0.297758 0.244669 0.0146432 4.98168e-05 0.981507 0.00372508 3
106 9915 5 165203106 168801865 4.44877 5.45433 -0.207428 2.88281 5.72596 2.67325 0.218992 0.176894 0.297758 0.244669 0.00181092 0.0321558 0.929338 0.0360673 3
107 9889 6 65412323 67772995 7.03828 3.83258 13.325 -0.450163 16.7124 12.8702 0.218992 0.176894 0.297758 0.244669 0.0238437 2.00524e-08 0.959253 0.0169035 3
108 9877 7 103325148 106538247 4.52025 5.22866 1.30125 5.5402 10.2694 6.83832 0.218992 0.176894 0.297758 0.244669 9.08015e-05 0.00508545 0.969056 0.025761 3
0 9969 1 3396903 5732682 5.16934 5.69938 1.07296 3.8069 13.9199 3.00868 0.20429 0.221168 0.271558 0.263367 1.98151e-06 3.30221e-05 0.999947 1.77004e-05 3
1 9652 10 122297656 125147452 5.701 6.30067 5.48503 9.38283 21.9276 14.7393 0.20429 0.221168 0.271558 0.263367 5.43425e-08 2.90007e-06 0.999265 0.000732055 3
11 9762 2 140347645 142858768 7.14625 4.53497 14.2584 0.407736 18.5821 14.661 0.20429 0.221168 0.271558 0.263367 0.00968637 1.01241e-08 0.971636 0.0186773 3
17 9963 5 152531117 155743532 7.15091 3.7018 15.1899 -1.6703 17.8206 13.5122 0.20429 0.221168 0.271558 0.263367 0.0507709 2.61696e-09 0.937003 0.0122263 3
29 9803 16 74751935 76798407 7.19003 5.46433 15.3578 5.47374 26.5783 20.7991 0.20429 0.221168 0.271558 0.263367 1.00478e-05 5.54557e-10 0.997001 0.00298881 3
37 9623 3 46456309 52678655 5.68663 4.64352 7.47545 3.35776 13.0372 10.8323 0.20429 0.221168 0.271558 0.263367 0.00260417 4.59046e-05 0.901004 0.0963454 3
40 9993 6 31431970 32638363 5.03513 4.11894 2.59965 -0.314297 1.6166 2.2853 0.20429 0.221168 0.271558 0.263367 0.398094 0.0233857 0.198002 0.374783 3
43 9676 9 10648073 12885651 5.02968 4.83287 2.54145 2.06875 9.40435 4.59763 0.20429 0.221168 0.271558 0.263367 0.000779585 0.000526074 0.990827 0.00785538 3
50 9780 15 27380335 31326242 6.34456 7.50316 9.48963 16.6375 32.9408 26.0295 0.20429 0.221168 0.271558 0.263367 4.91201e-11 6.76121e-08 0.999034 0.000965454 3
53 9812 18 33673621 37240976 6.21504 5.83621 8.19207 7.40331 21.438 15.5596 0.20429 0.221168 0.271558 0.263367 1.32611e-06 6.52375e-07 0.99729 0.00270756 3
56 9934 20 5894415 9015422 5.55311 6.14622 5.54715 9.59013 20.8859 15.1052 0.20429 0.221168 0.271558 0.263367 1.63514e-07 1.00897e-05 0.997005 0.00298451 3
60 9885 4 16539530 19714000 4.95832 3.40952 2.35698 -1.41452 4.71903 0.938038 0.20429 0.221168 0.271558 0.263367 0.0646729 0.00161159 0.912354 0.0201742 3
61 9945 5 72793735 76035163 4.32582 3.56764 0.219647 -1.09372 0.0462542 -0.874325 0.20429 0.221168 0.271558 0.263367 0.333755 0.0971662 0.373027 0.144091 3
62 9871 6 116195231 119789644 7.2852 7.26567 14.4036 13.9932 37.2879 27.0646 0.20429 0.221168 0.271558 0.263367 8.6672e-11 6.22468e-11 0.999965 3.52202e-05 3
67 9919 10 131332366 133482769 4.49646 4.34746 0.645124 -0.240664 5.62013 0.385722 0.20429 0.221168 0.271558 0.263367 0.0051294 0.00229007 0.986957 0.00510179 3
68 9807 11 97860221 100289947 5.39662 6.45943 3.19849 8.814 19.1989 11.8678 0.20429 0.221168 0.271558 0.263367 8.45702e-08 2.51464e-05 0.99934 0.000634675 3
76 9931 19 59640159 61853913 5.13046 3.98446 2.39687 -1.27358 4.1772 1.12116 0.20429 0.221168 0.271558 0.263367 0.107641 0.00296753 0.848744 0.0387485 3
79 9718 21 19471894 22071902 3.92472 5.09096 -1.34148 1.52084 3.91743 0.175018 0.20429 0.221168 0.271558 0.263367 0.00354424 0.0671564 0.905852 0.0208183 3
80 9942 22 27513133 31180800 3.83962 4.87456 -0.852382 2.63591 5.4809 1.77947 0.20429 0.221168 0.271558 0.263367 0.00124503 0.0441167 0.931762 0.0223096 3
85 9837 7 48214395 51034141 5.99465 4.71307 8.12195 3.24899 15.41 11.3652 0.20429 0.221168 0.271558 0.263367 0.000505442 4.18647e-06 0.982799 0.0166913 3
90 9843 11 2150393 4635862 5.53672 5.31987 4.49767 1.90624 12.394 6.36248 0.20429 0.221168 0.271558 0.263367 0.000279204 2.26441e-05 0.997374 0.00232335 3
98 9896 19 18794927 21475902 6.00935 6.35272 8.69934 9.0677 22.5151 17.7553 0.20429 0.221168 0.271558 0.263367 7.45918e-07 1.16719e-06 0.991757 0.00824067 3
99 9698 2 179096736 182276792 7.5803 4.59688 18.3484 0.565154 25.6465 18.823 0.20429 0.221168 0.271558 0.263367 0.000508397 1.04111e-11 0.998438 0.0010535 3
101 9920 21 43247921 46085555 5.91243 3.59315 5.95372 -1.44486 7.17226 4.50742 0.20429 0.221168 0.271558 0.263367 0.172395 0.000114245 0.775078 0.0523259 3
102 9931 22 21294586 24228759 5.83068 4.81143 4.65156 -0.402561 13.0592 3.12532 0.20429 0.221168 0.271558 0.263367 0.000167833 1.15978e-06 0.999784 4.70277e-05 3
106 9907 5 165203106 168801865 3.05566 3.68636 -1.79548 -1.53443 -3.1234 -3.33003 0.20429 0.221168 0.271558 0.263367 0.23789 0.334367 0.0838078 0.066106 3
1 9652 10 122297656 125147452 4.92681 4.04257 1.66514 -0.809577 5.9566 0.838408 0.159074 0.183699 0.36531 0.238427 0.00589528 0.000573133 0.989291 0.00386557 3
11 9759 2 140347645 142858768 6.76907 4.48066 12.9585 0.445496 19.3616 13.3636 0.159074 0.183699 0.36531 0.238427 0.000719584 3.05677e-09 0.997663 0.00161717 3
13 9870 21 36573183 39566105 5.92754 5.93583 6.09083 6.21612 19.4424 12.1709 0.159074 0.183699 0.36531 0.238427 6.92169e-07 9.06015e-07 0.999545 0.000453416 3
14 9958 22 39436352 42845161 6.69848 7.34861 11.0223 16.3212 34.1706 27.2463 0.159074 0.183699 0.36531 0.238427 3.85014e-11 8.89807e-09 0.999358 0.000641562 3
15 9646 3 114807846 118657258 3.83335 5.16572 -1.47059 2.5928 6.51919 1.09906 0.159074 0.183699 0.36531 0.238427 0.000145659 0.00978489 0.987005 0.00285155 3
19 9857 7 117656302 121934604 5.48877 5.14867 5.95587 2.64708 12.3607 8.5986 0.159074 0.183699 0.36531 0.238427 0.000708735 2.99228e-05 0.984334 0.0149266 3
28 9658 15 69007010 73520046 4.44032 4.81982 -0.726783 1.53967 5.33045 0.803353 0.159074 0.183699 0.36531 0.238427 0.00099921 0.0111294 0.980259 0.00691739 3
29 9796 16 74751935 76798407 6.00316 5.98351 8.86821 8.40018 22.7926 17.2425 0.159074 0.183699 0.36531 0.238427 3.89544e-07 2.81708e-07 0.997469 0.00253049 3
32 9932 19 5208811 7876082 4.50815 4.6591 1.33248 1.81119 8.08321 3.12951 0.159074 0.183699 0.36531 0.238427 0.000506394 0.000943845 0.993927 0.00457809 3
33 9769 2 17133104 20251444 7.4946 6.75747 16.1024 10.7433 35.2039 26.272 0.159074 0.183699 0.36531 0.238427 2.20407e-09 1.19758e-11 0.999914 8.62111e-05 3
42 9824 8 17527768 19613312 7.93514 5.92286 21.3955 7.17493 33.6781 28.5535 0.159074 0.183699 0.36531 0.238427 2.00913e-06 1.54738e-12 0.996131 0.00386748 3
48 9768 13 102020900 104860677 5.34325 6.11597 5.007 9.93278 19.8361 14.926 0.159074 0.183699 0.36531 0.238427 1.57277e-07 2.50273e-05 0.995186 0.00478834 3
52 9893 17 21849058 25741844 4.86161 6.55533 1.7524 11.2571 18.0948 12.9931 0.159074 0.183699 0.36531 0.238427 3.46397e-08 0.000536954 0.995509 0.00395449 3
53 9808 18 33673621 37240976 5.53735 5.01943 4.76447 1.84868 13.338 6.52441 0.159074 0.183699 0.36531 0.238427 8.22526e-05 5.14456e-06 0.999196 0.000716537 3
54 9934 19 50293421 53473822 5.87765 6.44713 5.85573 9.75319 22.6816 15.4826 0.159074 0.183699 0.36531 0.238427 2.14466e-08 1.22043e-06 0.999511 0.000487518 3
55 9965 2 65728636 68864061 5.76163 5.58079 7.55561 6.54502 19.3991 14.0804 0.159074 0.183699 0.36531 0.238427 3.11881e-06 1.31099e-06 0.996808 0.00318715 3
57 9725 21 21126615 23899366 3.54481 4.14826 -1.43895 -1.32513 -2.40444 -2.76423 0.159074 0.183699 0.36531 0.238427 0.20062 0.259606 0.175441 0.079904 3
59 9908 3 5833261 8258690 6.51963 6.44017 10.1136 10.5401 26.3405 20.6236 0.159074 0.183699 0.36531 0.238427 3.89743e-08 6.89486e-08 0.997857 0.0021426 3
63 9794 7 46527903 49253622 6.3219 5.57651 9.50746 5.03207 21.4343 14.4333 0.159074 0.183699 0.36531 0.238427 2.87675e-06 3.78246e-08 0.999403 0.000594182 3
65 9952 9 94829879 98244001 5.49233 5.84891 4.05315 4.96 14.5978 8.98603 0.159074 0.183699 0.36531 0.238427 1.14396e-05 3.27158e-05 0.997576 0.0023795 3
66 9731 1 97414551 101020183 5.6744 5.66662 5.31078 4.4579 15.4189 9.73903 0.159074 0.183699 0.36531 0.238427 1.77042e-05 8.7134e-06 0.99775 0.0022233 3
67 9909 10 131332585 133482769 5.18109 5.66369 2.50565 6.242 13.0762 8.73997 0.159074 0.183699 0.36531 0.238427 1.10738e-05 0.000536386 0.990988 0.00846407 3
69 9980 12 112939118 116053820 4.46254 4.26882 -1.06193 -0.806124 -1.38877 -1.86822 0.159074 0.183699 0.36531 0.238427 0.172731 0.257617 0.286082 0.115601 3
70 9650 13 18378339 20733084 6.02599 7.34805 8.58908 17.0432 29.9624 25.6244 0.159074 0.183699 0.36531 0.238427 2.25396e-10 1.22191e-06 0.991545 0.00845365 3
72 9956 15 83747454 86724585 6.94475 6.60823 14.0467 11.9611 30.2622 26.0007 0.159074 0.183699 0.36531 0.238427 3.91396e-08 5.6154e-09 0.990881 0.00911863 3
74 9870 17 61413289 64717569 4.64077 4.25445 1.05178 -0.461032 6.64332 0.546712 0.159074 0.183699 0.36531 0.238427 0.00161793 0.000411589 0.996317 0.00146342 3
81 9971 3 22338890 25304837 4.96144 4.07374 3.45589 -0.69009 5.70689 2.7639 0.159074 0.183699 0.36531 0.238427 0.0423919 0.000774846 0.924577 0.0318062 3
83 9927 5 171953232 174777607 5.00985 5.08307 0.903091 1.22788 9.05227 2.02326 0.159074 0.183699 0.36531 0.238427 0.000125717 0.000200888 0.999079 0.000577606 3
86 9864 8 88335888 91928005 5.42732 6.32855 6.25106 10.0864 20.9299 16.3274 0.159074 0.183699 0.36531 0.238427 1.82459e-07 9.75769e-06 0.993488 0.00650172 3
95 9823 16 7039332 8652471 6.01886 6.36418 8.62071 10.7093 24.774 19.3062 0.159074 0.183699 0.36531 0.238427 4.19228e-08 3.90861e-07 0.997253 0.00274692 3
99 9688 2 179096736 182276792 6.21938 6.04083 8.70292 7.83477 23.7341 16.3895 0.159074 0.183699 0.36531 0.238427 1.29056e-07 6.2554e-08 0.999578 0.000421462 3
105 9591 4 48977443 55009203 3.70863 4.41783 -1.42787 -0.164218 0.364153 -1.59283 0.159074 0.183699 0.36531 0.238427 0.0464217 0.189683 0.639809 0.0589981 3
108 9862 7 103325148 106538247 3.87474 3.89352 -1.50642 -0.990474 -1.80292 -2.4971 0.159074 0.183699 0.36531 0.238427 0.148919 0.288093 0.25424 0.0828824 3
109 9954 8 109691459 114156136 5.80185 7.18468 7.41619 15.1101 27.4454 22.5124 0.159074 0.183699 0.36531 0.238427 8.67648e-10 2.19921e-06 0.995317 0.00468071 3
110 9744 9 73343131 77044651 5.37647 4.86883 3.27891 2.6104 8.03731 5.88843 0.159074 0.183699 0.36531 0.238427 0.0034524 0.00204313 0.924125 0.0703356 3
