0 9978 1 3396903 5732682 4.07542 5.83476 -1.53413 4.63635 1.80701 3.10219 0.145452 0.158488 0.320762 0.312978 0.00123675 0.644713 0.0770523 0.27454 2
3 9970 12 108036186 112828201 3.64511 7.59236 -1.74055 18.0328 15.7493 16.2922 0.145452 0.158488 0.320762 0.312978 1.52822e-09 0.644043 0.132859 0.223098 2
8 9844 17 52581800 57696171 3.24275 6.29099 -1.65563 8.78086 5.99793 7.12519 0.145452 0.158488 0.320762 0.312978 1.79238e-05 0.665606 0.0833283 0.251008 2
19 9864 7 117656302 121934604 4.69053 4.97925 0.981476 2.25445 0.164717 3.23593 0.145452 0.158488 0.320762 0.312978 0.037689 0.146669 0.0367252 0.772865 2
21 9763 9 67841188 70545037 3.88482 6.08339 -0.649456 7.70612 5.03894 7.05665 0.145452 0.158488 0.320762 0.312978 9.9312e-05 0.460317 0.0646998 0.474803 2
22 9790 1 58832356 62447973 3.93248 6.3799 -1.53384 9.21926 6.49766 7.68539 0.145452 0.158488 0.320762 0.312978 1.25843e-05 0.641386 0.085375 0.273202 2
29 9796 16 74751935 76798407 3.44084 5.76138 -1.57694 7.4357 5.14336 5.85871 0.145452 0.158488 0.320762 0.312978 6.93435e-05 0.62004 0.126781 0.252965 2
30 9831 17 10500386 13502550 3.67873 4.59265 -1.62552 -0.00357537 -1.95903 -1.62917 0.145452 0.158488 0.320762 0.312978 0.0805315 0.444268 0.12723 0.172653 2
32 9935 19 5208811 7876082 3.84826 4.46012 -1.55275 -0.412641 -2.13585 -1.96548 0.145452 0.158488 0.320762 0.312978 0.110052 0.374988 0.135464 0.156728 2
41 9904 7 77472014 80584239 4.25862 5.86865 -1.26029 6.26891 3.85495 5.00858 0.145452 0.158488 0.320762 0.312978 0.000282956 0.573965 0.103922 0.321403 2
42 9793 8 17527768 19613312 3.61824 6.81982 -1.71334 11.7175 8.95093 10.0042 0.145452 0.158488 0.320762 0.312978 9.09003e-07 0.674208 0.0857947 0.239995 2
44 9793 1 205954619 209274912 3.29743 5.33867 -1.57918 2.29364 2.31174 0.713958 0.145452 0.158488 0.320762 0.312978 0.00541296 0.283567 0.584391 0.115379 2
47 9866 12 119524757 123314550 3.81053 6.08951 -1.4115 7.73256 4.81019 6.32103 0.145452 0.158488 0.320762 0.312978 6.16535e-05 0.628709 0.0684646 0.302656 2
50 9800 15 27380335 31326242 3.54579 4.46669 -1.64762 0.0325074 -1.99786 -1.61519 0.145452 0.158488 0.320762 0.312978 0.0778258 0.455062 0.120915 0.172984 2
61 9948 5 72793735 76035163 4.12299 3.66894 -1.01147 -1.63634 -2.39649 -2.64794 0.145452 0.158488 0.320762 0.312978 0.267932 0.156286 0.147904 0.112229 2
62 9879 6 116195231 119789644 4.05865 4.81066 -0.076847 -0.0423804 -0.501579 -0.119296 0.145452 0.158488 0.320762 0.312978 0.16407 0.185043 0.23661 0.338366 2
63 9813 7 46527903 49253622 3.29963 5.52188 -1.62148 4.23831 2.6053 2.61673 0.145452 0.158488 0.320762 0.312978 0.00145905 0.557467 0.220394 0.217517 2
80 9940 22 27513133 31180800 3.9866 5.31366 -0.985833 4.23186 1.50572 3.24601 0.145452 0.158488 0.320762 0.312978 0.00264574 0.531908 0.0704817 0.391927 2
82 9781 4 8231995 10560584 3.23166 4.24284 -1.64324 -0.204474 -1.18141 -1.84791 0.145452 0.158488 0.320762 0.312978 0.0765557 0.351641 0.267922 0.13424 2
86 9850 8 88335888 91928005 3.81438 5.15822 -1.55457 2.92173 -0.124469 1.36713 0.145452 0.158488 0.320762 0.312978 0.00675694 0.64723 0.0622729 0.270038 2
91 9733 12 61391332 65202444 4.0823 6.66103 -0.280051 9.98035 6.94855 9.70029 0.145452 0.158488 0.320762 0.312978 1.23987e-05 0.386089 0.0376859 0.576206 2
93 9914 14 40003726 42939597 3.67294 4.2487 -0.838709 -0.186556 -1.69963 -1.02532 0.145452 0.158488 0.320762 0.312978 0.147044 0.307574 0.137093 0.262542 2
94 9947 15 86492235 89833911 3.76417 5.17548 -1.39092 4.57481 2.08435 3.18386 0.145452 0.158488 0.320762 0.312978 0.00141347 0.600409 0.100703 0.295041 2
95 9822 16 7039332 8652472 3.79469 6.095 -1.62037 8.61935 5.4734 6.99896 0.145452 0.158488 0.320762 0.312978 2.21841e-05 0.676666 0.058924 0.26434 2
100 9933 20 37488842 41249232 3.7812 4.56281 -1.74739 0.743756 -1.63949 -1.00369 0.145452 0.158488 0.320762 0.312978 0.0423735 0.557521 0.104092 0.191811 2
101 9932 21 43247921 46085555 3.6441 8.118 -1.52176 20.6653 17.6557 19.1435 0.145452 0.158488 0.320762 0.312978 1.38687e-10 0.653195 0.0651879 0.281617 2
105 9591 4 48977443 55009203 3.42615 3.91125 -1.44052 -1.07606 -2.41372 -2.5167 0.145452 0.158488 0.320762 0.312978 0.168211 0.263883 0.140172 0.123387 2
6 9833 15 33526377 36814912 3.41514 4.09077 -1.56581 -0.763217 -2.63011 -2.32911 0.221608 0.221825 0.315406 0.201709 0.199964 0.446623 0.0981787 0.0848395 2
8 9842 17 52581800 57696171 3.45876 5.24556 -1.40017 2.02592 -0.0837086 0.6257 0.221608 0.221825 0.315406 0.201709 0.0223618 0.688435 0.11872 0.154337 2
10 9951 19 1899089 4657266 3.56349 5.25764 -1.65625 2.25122 -0.484482 0.594934 0.221608 0.221825 0.315406 0.201709 0.015386 0.766553 0.0706809 0.133028 2
13 9866 21 36573183 39566105 4.31418 7.36615 -1.50158 16.3132 13.5815 14.8115 0.221608 0.221825 0.315406 0.201709 1.41388e-08 0.772112 0.0714819 0.156406 2
14 9960 22 39436352 42845161 3.78585 6.90453 -1.85332 13.1114 10.8009 11.258 0.221608 0.221825 0.315406 0.201709 2.4665e-07 0.779076 0.109908 0.111015 2
16 9966 4 98528747 101935690 3.57445 7.20063 -1.36827 14.1043 10.9693 12.736 0.221608 0.221825 0.315406 0.201709 1.47301e-07 0.77321 0.0478238 0.178966 2
22 9788 1 58832356 62447973 3.1434 5.90249 -1.65943 7.15459 3.99627 5.49513 0.221608 0.221825 0.315406 0.201709 0.000120361 0.810567 0.0489789 0.140221 2
31 9784 18 48562900 51659407 3.58816 4.16408 -1.63874 -0.947026 -1.94433 -2.58596 0.221608 0.221825 0.315406 0.201709 0.18807 0.375969 0.19719 0.0663876 2
36 9916 22 35705614 39771883 4.01839 8.58468 -1.2868 24.4368 23.0156 23.1499 0.221608 0.221825 0.315406 0.201709 4.2205e-12 0.627215 0.215299 0.157485 2
37 9601 3 46456309 52678655 3.62021 3.99644 -1.50742 -0.994632 -2.60115 -2.50214 0.221608 0.221825 0.315406 0.201709 0.23317 0.38976 0.111162 0.0784889 2
40 9995 6 31431970 32638363 3.21368 5.9615 -1.73663 9.29012 7.72964 7.55337 0.221608 0.221825 0.315406 0.201709 1.11358e-05 0.685496 0.204718 0.109764 2
44 9795 1 205954619 209274912 3.64064 5.49764 -1.62484 2.97362 0.107432 1.34875 0.221608 0.221825 0.315406 0.201709 0.00786262 0.781767 0.0632656 0.139997 2
45 9894 10 25743913 28006078 3.18852 7.48519 -2.01196 17.7185 14.5325 15.7065 0.221608 0.221825 0.315406 0.201709 2.28407e-09 0.847194 0.0497911 0.103015 2
47 9859 12 119524757 123314550 4.02814 4.64406 -1.45755 1.67684 -0.526283 0.219246 0.221608 0.221825 0.315406 0.201709 0.0300827 0.691814 0.108653 0.146446 2
49 9900 14 62167530 65840963 3.37444 6.27399 -1.46369 9.43026 6.75666 7.96654 0.221608 0.221825 0.315406 0.201709 1.41778e-05 0.764211 0.0749798 0.160784 2
52 9895 17 21849058 25741844 3.29831 6.5858 -1.90561 11.3157 8.51022 9.41004 0.221608 0.221825 0.315406 0.201709 1.48196e-06 0.818843 0.0704142 0.110739 2
54 9951 19 50293421 53473822 3.70308 4.90382 -1.86364 1.57271 -1.16925 -0.290972 0.221608 0.221825 0.315406 0.201709 0.0246983 0.768217 0.0703917 0.108345 2
57 9737 21 21126615 23899366 3.77965 4.45399 -1.5673 -0.538176 -2.30804 -2.10556 0.221608 0.221825 0.315406 0.201709 0.170513 0.477668 0.115703 0.0906013 2
65 9963 9 94829879 98244001 3.447 5.16697 -1.72784 1.93646 -0.931618 0.208586 0.221608 0.221825 0.315406 0.201709 0.0197879 0.773054 0.0624423 0.124888 2
76 9928 19 59640159 61853913 3.41264 5.44375 -1.69258 3.66299 0.803389 1.97038 0.221608 0.221825 0.315406 0.201709 0.00374949 0.794855 0.0647499 0.133019 2
82 9769 4 8231995 10560584 3.81369 3.79774 -1.45144 -0.815623 -1.93265 -2.2672 0.221608 0.221825 0.315406 0.201709 0.202731 0.383245 0.178326 0.0816163 2
90 9841 11 2150393 4635862 3.50126 3.907 -1.47552 -1.23196 -2.78226 -2.70757 0.221608 0.221825 0.315406 0.201709 0.269806 0.344551 0.10395 0.0716338 2
92 9706 13 24523105 27312958 3.29759 6.88355 -1.88049 11.2744 8.13838 9.39389 0.221608 0.221825 0.315406 0.201709 1.61112e-06 0.833005 0.0514693 0.115522 2
98 9871 19 18794927 21475902 4.54751 6.1365 -0.77028 8.66152 7.16187 7.89119 0.221608 0.221825 0.315406 0.201709 4.60524e-05 0.575252 0.182569 0.242115 2
100 9935 20 37488842 41249232 3.55466 5.74877 -1.70831 6.41525 3.58963 4.70691 0.221608 0.221825 0.315406 0.201709 0.000237019 0.800256 0.0674428 0.131831 2
101 9922 21 43247921 46085555 3.0877 6.64006 -1.90389 9.99265 6.83792 8.08873 0.221608 0.221825 0.315406 0.201709 5.69111e-06 0.836029 0.0506993 0.11326 2
103 9939 22 31214878 33752431 3.29572 5.98899 -1.54766 6.24627 3.23713 4.69859 0.221608 0.221825 0.315406 0.201709 0.000325723 0.790919 0.0554803 0.153002 2
104 9929 3 29641436 32646393 3.92533 6.18031 -1.15323 6.77224 3.88022 5.619 0.221608 0.221825 0.315406 0.201709 0.000264243 0.731841 0.0577145 0.210031 2
105 9591 4 48977443 55009203 3.42094 4.79429 -1.46127 1.59227 -0.616076 0.130952 0.221608 0.221825 0.315406 0.201709 0.0325037 0.689433 0.107716 0.1454 2
5 9806 14 84613858 87574585 3.75573 6.32065 -1.50476 11.2076 8.33089 9.70282 0.219443 0.239022 0.312081 0.202244 2.19336e-06 0.792749 0.0582938 0.148954 2
14 9961 22 39436352 42845161 3.43335 7.63578 -1.65086 17.7717 15.6302 16.1208 0.219443 0.239022 0.312081 0.202244 2.56216e-09 0.760034 0.116575 0.123391 2
20 9820 8 139942007 142953220 3.28901 5.02773 -1.53312 1.06334 -1.64656 -0.469808 0.219443 0.239022 0.312081 0.202244 0.0496868 0.726077 0.0630838 0.132612 2
23 9717 10 10102317 12756604 3.96119 5.9589 -1.38863 6.94161 6.76127 5.55264 0.219443 0.239022 0.312081 0.202244 9.61825e-05 0.434499 0.473692 0.0916651 2
24 9734 11 19510513 22379539 3.83908 5.78175 -1.50828 6.18755 3.99157 4.67921 0.219443 0.239022 0.312081 0.202244 0.000313152 0.75011 0.108957 0.140444 2
31 9777 18 48562900 51659407 4.02127 5.28643 -1.08813 2.99258 0.239027 1.90444 0.219443 0.239022 0.312081 0.202244 0.0111642 0.719733 0.0598615 0.205132 2
33 9774 2 17133104 20251444 4.08704 6.18597 -1.25413 7.31721 4.33025 6.06306 0.219443 0.239022 0.312081 0.202244 0.00013303 0.764804 0.0503684 0.184637 2
36 9916 22 35705614 39771883 3.80009 5.10599 -1.3894 1.71593 -0.795673 0.326488 0.219443 0.239022 0.312081 0.202244 0.0298454 0.725471 0.0768558 0.152979 2
43 9677 9 10648073 12885651 3.9932 7.30603 -0.953756 16.2173 18.8456 15.2598 0.219443 0.239022 0.312081 0.202244 1.65051e-09 0.051524 0.931741 0.0167348 2
52 9886 17 21849058 25741844 3.81979 6.20006 -1.4794 9.50852 7.02918 8.02908 0.219443 0.239022 0.312081 0.202244 1.19187e-05 0.767958 0.0840235 0.148 2
57 9735 21 21126615 23899366 3.70197 5.78264 -1.46152 4.77337 2.01389 3.31182 0.219443 0.239022 0.312081 0.202244 0.00140391 0.78025 0.0645113 0.153084 2
61 9955 5 72793735 76035163 3.50949 4.67891 -1.86362 2.28359 -0.112076 0.419908 0.219443 0.239022 0.312081 0.202244 0.0113716 0.783506 0.0932074 0.102824 2
64 9975 8 79605730 83456325 3.59872 6.04965 -1.19417 8.47651 5.46242 7.28233 0.219443 0.239022 0.312081 0.202244 4.38751e-05 0.757281 0.0485383 0.194118 2
65 9954 9 94829879 98244001 3.42176 6.47373 -1.74957 8.65216 6.00027 6.90255 0.219443 0.239022 0.312081 0.202244 2.25072e-05 0.806965 0.0742985 0.118698 2
67 9920 10 131332366 133482769 3.15007 4.61585 -1.66466 1.62526 -1.0501 -0.0394312 0.219443 0.239022 0.312081 0.202244 0.0261771 0.765298 0.0688284 0.122547 2
68 9807 11 97860221 100289947 3.59374 4.0229 -1.45966 -1.34951 -2.95184 -2.80926 0.219443 0.239022 0.312081 0.202244 0.302241 0.367541 0.0966617 0.072241 2
69 9980 12 112939118 116053820 3.63805 4.64497 -1.49177 -0.0321752 -1.3599 -1.52407 0.219443 0.239022 0.312081 0.202244 0.114229 0.535533 0.18535 0.101931 2
73 9742 16 3355513 5935817 4.10289 4.79746 -0.61345 1.41328 -1.1009 0.799817 0.219443 0.239022 0.312081 0.202244 0.070641 0.583943 0.0617029 0.267537 2
78 9935 20 649321 3521062 3.59888 5.07167 -1.69104 3.59796 1.63271 1.90684 0.219443 0.239022 0.312081 0.202244 0.00344071 0.74258 0.135856 0.115808 2
82 9778 4 8231995 10560584 3.48983 5.54039 -1.45636 5.59243 3.71579 4.13599 0.219443 0.239022 0.312081 0.202244 0.000570197 0.71514 0.142957 0.141029 2
83 9915 5 171953232 174777607 3.45974 6.85509 -1.62896 11.2102 8.19046 9.58118 0.219443 0.239022 0.312081 0.202244 1.98211e-06 0.813213 0.0518313 0.134953 2
86 9860 8 88335888 91928005 3.97811 5.87171 -0.727989 6.08314 3.33182 5.35514 0.219443 0.239022 0.312081 0.202244 0.000677218 0.669702 0.0558248 0.273622 2
88 9764 1 218419835 221920821 3.72069 6.46923 -1.18016 10.6978 8.55502 9.51761 0.219443 0.239022 0.312081 0.202244 4.50987e-06 0.707641 0.108403 0.183949 2
92 9714 13 24523105 27312958 3.79593 5.80329 -1.51494 4.42281 2.00228 2.90782 0.219443 0.239022 0.312081 0.202244 0.00185469 0.765804 0.0888637 0.142432 2
96 9917 17 74840936 77740666 3.67618 4.2628 -1.58167 -0.460035 -2.61364 -2.04176 0.219443 0.239022 0.312081 0.202244 0.165694 0.554041 0.0839601 0.0963928 2
98 9903 19 18794927 21475902 3.70978 5.28274 -1.3857 3.46029 1.06557 2.07456 0.219443 0.239022 0.312081 0.202244 0.00537898 0.745425 0.08876 0.15777 2
99 9692 2 179096736 182276792 3.5697 3.95109 -1.74418 -0.957113 -2.24435 -2.70145 0.219443 0.239022 0.312081 0.202244 0.188019 0.449919 0.162153 0.0665296 2
109 9939 8 109691459 114156136 3.39015 5.7426 -1.65079 6.97556 4.07689 5.32474 0.219443 0.239022 0.312081 0.202244 0.000133349 0.809996 0.0582687 0.131516 2
2 9805 11 33361577 36395663 3.85341 5.02525 -1.48126 2.79153 0.269283 1.31023 0.199647 0.276139 0.322497 0.162318 0.00808889 0.802426 0.0752321 0.107232 2
3 9968 12 108036186 112828201 3.4779 3.92732 -1.55974 -1.29774 -2.74622 -2.85759 0.199647 0.276139 0.322497 0.162318 0.224644 0.403779 0.110783 0.0498826 2
6 9832 15 33526377 36814912 3.88418 5.12552 -1.39666 2.87587 -0.181899 1.47918 0.199647 0.276139 0.322497 0.162318 0.00827547 0.82072 0.0450424 0.119361 2
7 9898 16 11262224 13526211 3.68646 5.35016 -1.53574 4.02036 0.937899 2.4846 0.199647 0.276139 0.322497 0.162318 0.00235649 0.843563 0.0451665 0.106754 2
13 9861 21 36573183 39566105 4.02763 4.68706 -1.36204 0.208189 -1.79899 -1.1539 0.199647 0.276139 0.322497 0.162318 0.0955579 0.635437 0.0997151 0.0956675 2
14 9957 22 39436352 42845161 3.74584 7.12264 -1.57722 14.4221 11.3826 12.8448 0.199647 0.276139 0.322497 0.162318 6.91591e-08 0.849398 0.0474768 0.103125 2
15 9639 3 114807846 118657258 3.59884 4.13046 -1.49188 -0.900382 -2.40339 -2.39237 0.199647 0.276139 0.322497 0.162318 0.186713 0.46658 0.121221 0.0616885 2
16 9976 4 98528747 101935690 4.20426 6.28782 -1.49084 7.38189 6.97276 5.89076 0.199647 0.276139 0.322497 0.162318 5.31032e-05 0.52404 0.406516 0.0693447 2
26 9686 13 108802360 111579207 3.71223 6.06574 -1.20333 6.10201 3.45358 4.89866 0.199647 0.276139 0.322497 0.162318 0.000385593 0.793714 0.0655935 0.140054 2
27 9783 14 85354749 88567724 3.62468 3.97221 -1.25088 -1.21367 -2.00094 -2.46471 0.199647 0.276139 0.322497 0.162318 0.242161 0.347642 0.184766 0.0584858 2
35 9894 21 38155037 40916110 3.21207 4.99839 -1.92165 1.83524 -0.89356 -0.0864567 0.199647 0.276139 0.322497 0.162318 0.0140492 0.831985 0.0634466 0.0715767 2
36 9921 22 35705614 39771883 3.50142 4.40181 -1.5999 -1.04497 -2.97632 -2.64495 0.199647 0.276139 0.322497 0.162318 0.196839 0.474221 0.0802797 0.0562806 2
42 9799 8 17527768 19613312 3.74474 9.18305 -1.638 31.2027 28.2918 29.5647 0.199647 0.276139 0.322497 0.162318 3.35369e-15 0.849032 0.0539673 0.0970007 2
43 9680 9 10648073 12885651 3.33671 5.6674 -1.45901 5.05739 3.11963 3.59831 0.199647 0.276139 0.322497 0.162318 0.000818243 0.765216 0.128714 0.104558 2
47 9861 12 119524757 123314550 3.51814 6.71397 -1.54312 10.2754 8.32889 8.73217 0.199647 0.276139 0.322497 0.162318 4.12141e-06 0.773771 0.129024 0.0971971 2
48 9787 13 102020900 104860677 3.59875 5.18687 -1.49466 3.3368 0.65396 1.84212 0.199647 0.276139 0.322497 0.162318 0.0047162 0.817968 0.0653114 0.107855 2
51 9813 16 34690477 48224167 4.5957 4.29315 -0.670479 1.06565 -0.76991 0.395138 0.199647 0.276139 0.322497 0.162318 0.0765815 0.601148 0.111997 0.180726 2
53 9805 18 33673621 37240976 3.85891 5.39759 -1.19431 3.40682 0.657101 2.21249 0.199647 0.276139 0.322497 0.162318 0.00573972 0.790688 0.059049 0.140784 2
54 9941 19 50293421 53473822 3.60306 8.07496 -1.36628 20.8328 17.8329 19.4665 0.199647 0.276139 0.322497 0.162318 1.36801e-10 0.827766 0.048134 0.1241 2
55 9961 2 65728636 68864061 3.38739 4.99133 -1.62495 2.43126 0.293893 0.80625 0.199647 0.276139 0.322497 0.162318 0.00979083 0.782118 0.107752 0.0905275 2
58 9936 22 44576744 47214129 3.79528 7.47147 -1.21074 16.6397 13.5123 15.4289 0.199647 0.276139 0.322497 0.162318 1.04276e-08 0.815432 0.0417439 0.142824 2
60 9886 4 16539530 19714000 3.37722 3.50796 -1.72062 -1.41496 -2.78248 -3.13572 0.199647 0.276139 0.322497 0.162318 0.211128 0.396421 0.117937 0.0416945 2
62 9879 6 116195231 119789644 3.42843 6.48319 -1.75922 8.582 5.58534 6.82275 0.199647 0.276139 0.322497 0.162318 2.0123e-05 0.862369 0.0503101 0.0872773 2
66 9735 1 97414551 101020183 3.74718 6.21627 -1.20939 7.81202 4.74679 6.60262 0.199647 0.276139 0.322497 0.162318 7.10029e-05 0.813004 0.0442869 0.142592 2
67 9928 10 131332366 133482769 4.25023 5.70393 -1.01972 6.31281 3.65944 5.29307 0.199647 0.276139 0.322497 0.162318 0.000365085 0.77221 0.0635022 0.163723 2
68 9788 11 97860221 100289947 4.23024 8.84611 -1.01238 27.4612 24.3132 26.4488 0.199647 0.276139 0.322497 0.162318 2.4635e-13 0.79131 0.039681 0.169009 2
72 9970 15 83747454 86724585 4.22758 5.68102 -1.17629 5.80728 2.65381 4.63098 0.199647 0.276139 0.322497 0.162318 0.000543883 0.811514 0.0404724 0.147121 2
74 9869 17 61413289 64717569 3.84665 4.5416 -1.47611 -0.354577 -1.64622 -1.83081 0.199647 0.276139 0.322497 0.162318 0.124346 0.527927 0.16944 0.0709078 2
81 9964 3 22338890 25304837 3.59729 5.53355 -1.48382 6.74654 3.92861 5.2627 0.199647 0.276139 0.322497 0.162318 0.000160073 0.830971 0.0579656 0.110764 2
84 9983 6 146958779 150339910 3.76301 4.32317 -1.54368 -0.206989 -1.96835 -1.75075 0.199647 0.276139 0.322497 0.162318 0.112282 0.591148 0.118616 0.0742144 2
88 9766 1 218419835 221920821 3.45663 5.43487 -1.44994 4.47987 2.62609 3.02986 0.199647 0.276139 0.322497 0.162318 0.00145159 0.75508 0.138135 0.104113 2
89 9860 10 53544648 56018906 3.75887 5.52611 -1.46808 5.70157 4.82974 4.23331 0.199647 0.276139 0.322497 0.162318 0.000342445 0.615458 0.30058 0.0833257 2
91 9752 12 61391332 65202444 4.81468 5.66361 -0.184435 4.6046 1.46483 4.42016 0.199647 0.276139 0.322497 0.162318 0.00388905 0.646491 0.0326868 0.31601 2
96 9911 17 74840936 77740666 3.51593 5.38871 -1.85901 4.17568 3.88034 2.31619 0.199647 0.276139 0.322497 0.162318 0.000881059 0.508984 0.44242 0.0465991 2
98 9894 19 18794927 21475902 3.61777 6.46757 -1.32591 10.3025 7.13445 8.97662 0.199647 0.276139 0.322497 0.162318 5.34414e-06 0.829698 0.0407784 0.129514 2
100 9936 20 37488842 41249232 3.83261 4.21987 -0.954552 -0.77419 -2.08992 -1.72881 0.199647 0.276139 0.322497 0.162318 0.246125 0.407711 0.127743 0.0922581 2
106 9911 5 165203106 168801865 3.90132 3.80584 -1.50819 -1.21354 -2.48493 -2.72186 0.199647 0.276139 0.322497 0.162318 0.217458 0.40384 0.132266 0.0525282 2
108 9867 7 103325148 106538247 3.12291 3.60811 -1.77737 -1.25392 -2.62976 -3.03144 0.199647 0.276139 0.322497 0.162318 0.18442 0.430531 0.127023 0.0427836 2
7 9911 16 11262224 13526211 3.50924 4.14489 -1.81953 -0.635669 -2.8261 -2.45527 0.179654 0.22776 0.276046 0.271155 0.124054 0.513802 0.0696638 0.0991504 2
9 9856 18 41389970 44702873 3.29109 4.94323 -1.6909 2.36604 -0.573565 0.675107 0.179654 0.22776 0.276046 0.271155 0.010371 0.759925 0.0487104 0.166782 2
12 9889 20 54284093 57298029 3.88816 5.73368 -1.39514 4.32556 1.50918 2.9304 0.179654 0.22776 0.276046 0.271155 0.00188323 0.728476 0.0528179 0.214903 2
20 9818 8 139942007 142953220 3.75152 4.17123 -1.47883 -0.862394 -2.68427 -2.34129 0.179654 0.22776 0.276046 0.271155 0.180045 0.422799 0.0828723 0.114709 2
25 9779 12 71953637 75651373 3.71987 6.36788 -1.35861 11.0492 8.80195 9.69057 0.179654 0.22776 0.276046 0.271155 2.24768e-06 0.697314 0.0893209 0.21336 2
26 9694 13 108802360 111579207 3.32944 3.86957 -1.74476 -1.59301 -3.03064 -3.33792 0.179654 0.22776 0.276046 0.271155 0.214905 0.317096 0.0912733 0.0659371 2
30 9821 17 10500386 13502550 4.3594 5.73929 -1.19707 4.62695 1.52172 3.42987 0.179654 0.22776 0.276046 0.271155 0.0016439 0.705107 0.0382978 0.253577 2
31 9775 18 48562900 51659407 3.54503 4.7694 -1.69448 0.280027 -1.95935 -1.41452 0.179654 0.22776 0.276046 0.271155 0.0681055 0.621931 0.0802964 0.136004 2
33 9749 2 17133104 20251444 3.5339 6.35485 -1.91993 8.05693 4.88599 6.13697 0.179654 0.22776 0.276046 0.271155 2.99055e-05 0.815988 0.041502 0.142429 2
35 9907 21 38155037 40916110 3.24065 5.3713 -1.70849 3.61012 0.510178 1.9016 0.179654 0.22776 0.276046 0.271155 0.00302048 0.781553 0.0426753 0.168539 2
44 9784 1 205954619 209274912 3.50677 4.52813 -1.70661 -0.705178 -2.59352 -2.41188 0.179654 0.22776 0.276046 0.271155 0.138472 0.477883 0.0876452 0.103241 2
45 9887 10 25743913 28006078 4.05702 5.97126 -1.17786 8.52775 5.98996 7.34986 0.179654 0.22776 0.276046 0.271155 3.28682e-05 0.683768 0.0655037 0.250669 2
46 9695 11 58247279 61863825 3.72634 7.39104 -1.4144 15.4815 12.6918 14.0671 0.179654 0.22776 0.276046 0.271155 2.65708e-08 0.733224 0.0545991 0.212177 2
47 9863 12 119524757 123314550 3.72588 5.60525 -1.58597 4.21222 1.0978 2.62622 0.179654 0.22776 0.276046 0.271155 0.00183619 0.767509 0.041306 0.187083 2
48 9782 13 102020900 104860677 3.71377 5.26506 -1.37385 3.60582 0.743225 2.23194 0.179654 0.22776 0.276046 0.271155 0.00392636 0.723893 0.0501153 0.218147 2
49 9914 14 62167530 65840963 3.74945 5.72559 -1.18229 6.44569 3.98338 5.26338 0.179654 0.22776 0.276046 0.271155 0.000261307 0.680741 0.0703262 0.248456 2
50 9785 15 27380335 31326242 4.08651 4.0831 -1.15189 -0.705601 -2.25102 -1.85756 0.179654 0.22776 0.276046 0.271155 0.198513 0.393236 0.101622 0.147946 2
54 9940 19 50293421 53473822 3.72942 6.23178 -1.5889 8.48406 5.69653 6.89513 0.179654 0.22776 0.276046 0.271155 2.52637e-05 0.758874 0.0566326 0.184436 2
58 9936 22 44576744 47214129 3.93823 5.64513 -1.2524 4.67379 1.54407 3.42137 0.179654 0.22776 0.276046 0.271155 0.00150653 0.715698 0.0379327 0.243531 2
59 9906 3 5833261 8258690 3.62227 7.6772 -1.47702 18.356 15.5074 16.879 0.179654 0.22776 0.276046 0.271155 1.4316e-09 0.745149 0.0523105 0.20254 2
66 9745 1 97414551 101020183 3.58247 5.54303 -1.06405 4.49766 1.79537 3.43359 0.179654 0.22776 0.276046 0.271155 0.00202407 0.667866 0.0542754 0.274352 2
68 9808 11 97860221 100289947 3.31583 6.34635 -1.74524 8.59744 7.02111 6.85208 0.179654 0.22776 0.276046 0.271155 1.74298e-05 0.685651 0.171797 0.142509 2
73 9742 16 3355513 5935817 3.54884 6.7258 -1.40065 11.5069 8.69171 10.1062 0.179654 0.22776 0.276046 0.271155 1.43168e-06 0.732076 0.0531431 0.214778 2
79 9726 21 19471894 22071902 3.84767 4.38766 -1.3352 -0.833068 -2.4985 -2.16834 0.179654 0.22776 0.276046 0.271155 0.192641 0.403518 0.0924864 0.126387 2
80 9950 22 27513133 31180800 3.37398 4.36669 -1.69562 0.46041 -1.61486 -1.23528 0.179654 0.22776 0.276046 0.271155 0.0575247 0.629868 0.0958239 0.137581 2
82 9771 4 8231995 10560584 3.50176 3.42323 -1.38733 -1.45163 -2.79788 -2.83906 0.179654 0.22776 0.276046 0.271155 0.254535 0.302596 0.0954329 0.08996 2
83 9916 5 171953232 174777607 4.48848 5.03839 0.0885964 0.851126 -1.22813 0.93971 0.179654 0.22776 0.276046 0.271155 0.126647 0.344191 0.0521547 0.447726 2
87 9802 9 13737703 16446284 3.66931 4.5287 -1.5366 -0.351341 -2.48659 -1.88799 0.179654 0.22776 0.276046 0.271155 0.12534 0.519853 0.0744832 0.133126 2
88 9776 1 218419835 221920821 3.71012 4.58421 -1.26181 0.712834 -1.6296 -0.549011 0.179654 0.22776 0.276046 0.271155 0.0659301 0.602146 0.0701296 0.202969 2
93 9909 14 40003726 42939597 4.03729 6.85649 -1.12461 12.1237 8.97789 10.9991 0.179654 0.22776 0.276046 0.271155 9.66662e-07 0.695018 0.0362475 0.268733 2
94 9943 15 86492235 89833911 3.59928 4.42662 -1.83406 1.22703 -0.575897 -0.607138 0.179654 0.22776 0.276046 0.271155 0.0248732 0.673263 0.13449 0.128044 2
98 9877 19 18794927 21475902 4.16436 4.32231 -0.788601 -0.0119818 -1.45733 -0.800635 0.179654 0.22776 0.276046 0.271155 0.15173 0.418209 0.119451 0.22627 2
100 9944 20 37488842 41249232 3.89545 5.01771 -1.55217 2.66034 -0.188149 1.10814 0.179654 0.22776 0.276046 0.271155 0.00866586 0.741861 0.0520887 0.187048 2
108 9850 7 103325148 106538247 3.11049 3.8723 -1.86609 -0.376783 -2.54608 -2.24295 0.179654 0.22776 0.276046 0.271155 0.0993255 0.558341 0.07732 0.102843 2
0 9976 1 3396903 5732682 3.27785 7.76771 -1.79377 17.691 14.4659 15.8972 0.284536 0.282616 0.306954 0.0958325 3.15918e-09 0.909442 0.0392648 0.0512928 2
2 9824 11 33361577 36395663 4.17285 6.80506 -1.20179 12.6542 9.93032 11.4524 0.284536 0.282616 0.306954 0.0958325 8.24069e-07 0.852358 0.0607455 0.0868957 2
7 9906 16 11262224 13526211 3.64256 7.8018 -1.21675 20.2886 17.4189 19.0718 0.284536 0.282616 0.306954 0.0958325 3.96345e-10 0.860559 0.0530114 0.0864293 2
9 9843 18 41389970 44702873 3.80707 8.029 -1.33875 21.3812 18.7507 20.0425 0.284536 0.282616 0.306954 0.0958325 1.17126e-10 0.856792 0.06704 0.0761675 2
24 9737 11 19510513 22379539 3.76194 4.82004 -1.37439 0.853553 -1.05311 -0.520901 0.284536 0.282616 0.306954 0.0958325 0.0774348 0.713808 0.115188 0.0612322 2
30 9826 17 10500386 13502550 3.45967 7.3453 -1.55397 16.0485 13.2265 14.4945 0.284536 0.282616 0.306954 0.0958325 2.00807e-08 0.880054 0.05686 0.0630859 2
31 9775 18 48562900 51659407 3.89055 5.16138 -1.45735 3.75214 1.02585 2.29477 0.284536 0.282616 0.306954 0.0958325 0.00475071 0.863518 0.0613954 0.0681801 2
32 9930 19 5208811 7876082 3.59501 4.99866 -1.57245 3.23475 0.336135 1.66227 0.284536 0.282616 0.306954 0.0958325 0.00719935 0.875174 0.0523743 0.0615875 2
36 9909 22 35705614 39771883 4.26317 7.00598 -0.697373 12.4299 9.83683 11.7325 0.284536 0.282616 0.306954 0.0958325 1.60291e-06 0.799961 0.0649818 0.135056 2
39 9796 5 14198624 17667860 3.67279 4.45624 -1.82868 -1.10876 -3.02224 -2.93754 0.284536 0.282616 0.306954 0.0958325 0.241761 0.493292 0.0790617 0.0268654 2
43 9686 9 10648073 12885651 3.1287 5.88582 -1.75688 6.87695 3.75825 5.12005 0.284536 0.282616 0.306954 0.0958325 0.000161895 0.90348 0.0433871 0.0528715 2
49 9906 14 62167530 65840963 3.82236 5.20039 -1.67096 2.77078 0.0823039 1.09979 0.284536 0.282616 0.306954 0.0958325 0.0102545 0.864959 0.0638678 0.055158 2
50 9788 15 27380335 31326242 3.72608 6.43009 -1.31484 10.0308 7.37329 8.71593 0.284536 0.282616 0.306954 0.0958325 1.01962e-05 0.856731 0.0652504 0.0780047 2
53 9797 18 33673621 37240976 3.69785 6.03631 -1.62292 7.11845 4.43593 5.49549 0.284536 0.282616 0.306954 0.0958325 0.000140981 0.87609 0.0650764 0.058617 2
55 9960 2 65728636 68864061 3.5619 6.82348 -1.37057 12.5975 9.51733 11.2269 0.284536 0.282616 0.306954 0.0958325 7.60845e-07 0.880263 0.0439329 0.0758034 2
56 9934 20 5894415 9015422 3.52958 6.92266 -1.73256 14.665 12.1963 12.9324 0.284536 0.282616 0.306954 0.0958325 6.60874e-08 0.868096 0.0798542 0.05205 2
57 9735 21 21126615 23899366 3.55952 5.02023 -1.73318 1.5723 -0.985427 -0.160928 0.284536 0.282616 0.306954 0.0958325 0.0306969 0.831196 0.069948 0.049807 2
66 9738 1 97414551 101020183 3.78618 6.95146 -1.37742 12.8341 9.68498 11.4567 0.284536 0.282616 0.306954 0.0958325 5.98498e-07 0.883306 0.0411469 0.0755463 2
70 9656 13 18378339 20733084 3.54993 5.24518 -1.8972 3.64357 0.764642 1.74634 0.284536 0.282616 0.306954 0.0958325 0.00353126 0.893955 0.0545617 0.0454646 2
73 9728 16 3355513 5935817 3.93843 5.82787 -1.49255 6.5611 4.07097 5.06851 0.284536 0.282616 0.306954 0.0958325 0.000274356 0.857094 0.0771714 0.0653313 2
81 9968 3 22338890 25304837 4.62489 5.38201 -0.618813 4.00602 1.15041 3.38719 0.284536 0.282616 0.306954 0.0958325 0.00785412 0.795602 0.0497048 0.145298 2
82 9788 4 8231995 10560584 3.68042 4.33678 -1.25977 0.239318 -1.92537 -1.02049 0.284536 0.282616 0.306954 0.0958325 0.147014 0.653827 0.0815134 0.0629001 2
84 9984 6 146958779 150339910 3.43814 4.02862 -1.72948 -0.766247 -2.61548 -2.49582 0.284536 0.282616 0.306954 0.0958325 0.208358 0.542249 0.0926752 0.0326115 2
89 9874 10 53544648 56018906 3.81924 5.82847 -0.810276 7.54326 4.5573 6.73297 0.284536 0.282616 0.306954 0.0958325 0.000196662 0.829231 0.0454741 0.125051 2
97 9743 18 48065150 50748866 3.20085 5.93524 -1.96563 6.36471 3.77444 4.39903 0.284536 0.282616 0.306954 0.0958325 0.000214921 0.885444 0.0721265 0.0420525 2
98 9899 19 18794927 21475902 2.99303 5.90868 -1.97851 6.91771 4.29108 4.93916 0.284536 0.282616 0.306954 0.0958325 0.000122447 0.888354 0.0697795 0.041651 2
107 9882 6 65412323 67772995 3.47536 6.12478 -1.68815 8.58122 6.57899 6.893 0.284536 0.282616 0.306954 0.0958325 2.88694e-05 0.826859 0.121269 0.0518276 2
109 9948 8 109691459 114156136 3.48289 7.30014 -1.65876 17.1583 14.9473 15.4994 0.284536 0.282616 0.306954 0.0958325 5.72286e-09 0.84489 0.100571 0.0545384 2
4 9528 13 36533589 39357508 4.14567 5.14813 -0.947458 2.96807 0.571189 2.02059 0.201611 0.156769 0.322533 0.289128 0.0132272 0.516064 0.0966197 0.369019 2
8 9835 17 52581800 57696171 3.08213 5.2926 -1.72593 2.19218 0.321698 0.466165 0.201611 0.156769 0.322533 0.289128 0.0151083 0.590976 0.187303 0.194001 2
11 9758 2 140347645 142858768 3.44106 4.77373 -1.64649 1.65264 -1.07658 0.00611181 0.201611 0.156769 0.322533 0.289128 0.0301657 0.635407 0.0853258 0.225843 2
14 9957 22 39436352 42845161 3.26922 6.30397 -1.6136 8.99523 5.88337 7.38161 0.201611 0.156769 0.322533 0.289128 2.17699e-05 0.685417 0.0627776 0.251768 2
15 9631 3 114807846 118657258 3.83812 3.64824 -1.39599 -1.41418 -2.46822 -2.81032 0.201611 0.156769 0.322533 0.289128 0.30676 0.234231 0.167956 0.10694 2
21 9767 9 67841188 70545037 3.9665 4.08261 -0.999393 0.916282 -0.589129 -0.0831734 0.201611 0.156769 0.322533 0.289128 0.0788595 0.416452 0.190146 0.282708 2
26 9701 13 108802360 111579207 4.22177 5.44526 -1.23899 3.92211 1.22274 2.68309 0.201611 0.156769 0.322533 0.289128 0.00438065 0.593912 0.0821704 0.31729 2
35 9910 21 38155037 40916110 3.7893 8.09397 -1.23929 20.3662 17.6418 19.1269 0.201611 0.156769 0.322533 0.289128 3.18902e-10 0.599157 0.0808457 0.319997 2
40 9996 6 31431970 32638363 3.11544 5.08606 -1.70312 4.28856 1.99451 2.58539 0.201611 0.156769 0.322533 0.289128 0.0020749 0.645497 0.133941 0.216794 2
43 9702 9 10648073 12885651 3.69796 5.68335 -1.46209 6.47101 4.56052 5.00885 0.201611 0.156769 0.322533 0.289128 0.000266221 0.577148 0.175747 0.246668 2
48 9770 13 102020900 104860677 3.56858 4.80855 -1.19456 1.95543 -0.56679 0.760849 0.201611 0.156769 0.322533 0.289128 0.0305181 0.553762 0.0914641 0.309282 2
51 9813 16 34690477 48224167 3.631 5.86469 -1.40431 7.49966 5.10793 6.09532 0.201611 0.156769 0.322533 0.289128 0.000106445 0.609274 0.114659 0.275896 2
52 9878 17 21849058 25741844 3.82262 7.29298 -1.42073 16.9874 14.5432 15.5667 0.201611 0.156769 0.322533 0.289128 8.01863e-09 0.615753 0.109957 0.27429 2
54 9940 19 50293421 53473822 4.06511 5.78487 -1.60091 6.43108 3.36475 4.83015 0.201611 0.156769 0.322533 0.289128 0.000284513 0.680924 0.0652715 0.25331 2
56 9932 20 5894415 9015422 3.21841 6.3541 -1.9082 10.7032 7.67505 8.79493 0.201611 0.156769 0.322533 0.289128 3.12233e-06 0.728232 0.0725258 0.199236 2
82 9772 4 8231995 10560584 3.86174 5.37931 -1.71678 4.80059 2.69026 3.08374 0.201611 0.156769 0.322533 0.289128 0.00119954 0.631266 0.157407 0.209135 2
83 9912 5 171953232 174777607 4.23789 4.55679 -1.20873 -0.667847 -2.46821 -1.87663 0.201611 0.156769 0.322533 0.289128 0.248597 0.332002 0.112867 0.182812 2
85 9826 7 48214395 51034141 3.28452 6.55582 -1.74261 12.6048 10.8007 10.8621 0.201611 0.156769 0.322533 0.289128 4.54732e-07 0.601858 0.203839 0.194302 2
88 9758 1 218419835 221920821 3.53367 6.89184 -1.59706 14.1821 12.0691 12.585 0.201611 0.156769 0.322533 0.289128 1.11264e-07 0.616483 0.153303 0.230214 2
93 9902 14 40003726 42939597 3.44598 5.74479 -1.23821 6.61215 3.80591 5.37392 0.201611 0.156769 0.322533 0.289128 0.000301887 0.602503 0.0749097 0.322131 2
95 9801 16 7039332 8652472 3.65918 5.39287 -1.55903 5.55401 2.60928 3.99495 0.201611 0.156769 0.322533 0.289128 0.0006992 0.667575 0.0722664 0.258965 2
97 9750 18 48065150 50748866 3.72139 6.38333 -0.97629 9.57395 6.36967 8.59765 0.201611 0.156769 0.322533 0.289128 1.89382e-05 0.562334 0.0469577 0.390682 2
102 9918 22 21294586 24228759 3.82295 7.47877 -1.50329 15.499 13.4488 13.9957 0.201611 0.156769 0.322533 0.289128 3.17134e-08 0.597038 0.158089 0.244873 2
109 9950 8 109691459 114156136 3.95167 8.54812 -1.00215 26.7599 23.7741 25.7577 0.201611 0.156769 0.322533 0.289128 6.33453e-13 0.561512 0.0583373 0.38015 2
18 9957 6 167706049 170185644 3.77881 6.40479 -0.808156 10.484 8.12787 9.67582 0.218992 0.176894 0.297758 0.244669 8.69271e-06 0.563063 0.0898371 0.347085 2
19 9855 7 117656302 121934604 3.27785 3.20576 -1.7188 -1.67686 -2.8249 -3.39583 0.218992 0.176894 0.297758 0.244669 0.245566 0.206855 0.110466 0.0512849 2
26 9691 13 108802360 111579207 3.90267 5.1781 -1.17689 2.8827 0.157142 1.70579 0.218992 0.176894 0.297758 0.244669 0.0135424 0.633923 0.0699026 0.270256 2
27 9783 14 85354749 88567724 3.89227 4.19301 -1.30295 -1.05578 -2.60335 -2.35881 0.218992 0.176894 0.297758 0.244669 0.261098 0.270042 0.0967121 0.101484 2
33 9774 2 17133104 20251444 4.75595 6.18722 0.949202 7.22772 5.64281 8.17691 0.218992 0.176894 0.297758 0.244669 0.000471985 0.203207 0.0701089 0.726161 2
34 9947 20 1254103 4152554 3.41417 3.77937 -1.81866 -1.53196 -3.09618 -3.35075 0.218992 0.176894 0.297758 0.244669 0.225604 0.242741 0.0854992 0.0544651 2
37 9624 3 46456309 52678655 3.54327 6.37021 -1.50711 11.6323 8.81258 10.1252 0.218992 0.176894 0.297758 0.244669 1.73028e-06 0.710838 0.0713402 0.217818 2
41 9903 7 77472014 80584239 3.53045 7.73827 -1.74233 18.4447 15.3035 16.7024 0.218992 0.176894 0.297758 0.244669 1.60943e-09 0.760477 0.0553378 0.184185 2
47 9868 12 119524757 123314550 3.80103 4.91808 -1.31742 2.33924 -0.514303 1.0218 0.218992 0.176894 0.297758 0.244669 0.0208494 0.652302 0.0632878 0.241632 2
53 9826 18 33673621 37240976 3.91497 5.64767 -1.5519 5.0211 3.76771 3.46906 0.218992 0.176894 0.297758 0.244669 0.00097332 0.562547 0.270376 0.164809 2
54 9943 19 50293421 53473822 3.94162 5.4353 -1.37673 3.09024 0.0171615 1.71349 0.218992 0.176894 0.297758 0.244669 0.00975555 0.686306 0.0534623 0.239589 2
55 9966 2 65728636 68864061 3.56854 7.08686 -1.66892 14.9286 12.1342 13.2597 0.218992 0.176894 0.297758 0.244669 5.621e-08 0.733365 0.0754869 0.191148 2
57 9752 21 21126615 23899366 3.12645 4.6094 -1.78366 0.0742576 -0.747674 -1.70967 0.218992 0.176894 0.297758 0.244669 0.0775859 0.401743 0.297262 0.0933396 2
59 9916 3 5833261 8258690 3.31149 5.67329 -1.88685 5.69339 2.56332 3.80651 0.218992 0.176894 0.297758 0.244669 0.000491762 0.778213 0.0572631 0.163118 2
60 9882 4 16539530 19714000 3.69541 5.1579 -1.45654 1.99557 1.40526 0.538793 0.218992 0.176894 0.297758 0.244669 0.0167478 0.427048 0.398344 0.137616 2
61 9953 5 72793735 76035163 4.04637 4.44367 -1.35822 0.960555 -1.36992 -0.397705 0.218992 0.176894 0.297758 0.244669 0.0686421 0.563516 0.0922457 0.200395 2
62 9875 6 116195231 119789644 3.41678 6.26407 -1.71818 7.15321 4.24558 5.435 0.218992 0.176894 0.297758 0.244669 0.000129617 0.746002 0.0685682 0.185096 2
67 9916 10 131332366 133482769 4.02174 4.1747 -0.890301 -0.470749 -1.99302 -1.3611 0.218992 0.176894 0.297758 0.244669 0.246059 0.302365 0.111063 0.171681 2
68 9808 11 97860221 100289947 3.62035 7.28906 -1.65246 14.425 11.3778 12.7725 0.218992 0.176894 0.297758 0.244669 9.58666e-08 0.743542 0.0594392 0.197018 2
70 9658 13 18378339 20733084 3.19351 6.25674 -1.85644 8.71098 5.6469 6.85451 0.218992 0.176894 0.297758 0.244669 2.46122e-05 0.772338 0.060708 0.166885 2
74 9857 17 61413289 64717569 3.62152 5.05503 -1.63938 2.93483 0.0637245 1.29542 0.218992 0.176894 0.297758 0.244669 0.00915289 0.716798 0.068335 0.192431 2
76 9924 19 59640159 61853913 3.82321 6.18394 -1.50319 7.12075 4.11421 5.61754 0.218992 0.176894 0.297758 0.244669 0.000159932 0.718704 0.059838 0.221095 2
90 9850 11 2150393 4635862 3.72737 4.09464 -1.81116 -1.26438 -3.05609 -3.07564 0.218992 0.176894 0.297758 0.244669 0.20722 0.289187 0.0811334 0.0653768 2
92 9705 13 24523105 27312958 3.57545 5.51965 -1.49727 2.86277 -0.0846292 1.36547 0.218992 0.176894 0.297758 0.244669 0.011035 0.697582 0.0616182 0.215872 2
94 9952 15 86492235 89833911 4.0738 6.37192 -1.49317 9.46632 6.70071 7.97312 0.218992 0.176894 0.297758 0.244669 1.51981e-05 0.705858 0.074779 0.219329 2
97 9765 18 48065150 50748866 3.21296 7.78405 -1.80021 18.8443 16.5877 17.044 0.218992 0.176894 0.297758 0.244669 9.53488e-10 0.711835 0.125461 0.162704 2
102 9929 22 21294586 24228759 3.63212 5.84065 -1.84756 4.77979 2.227 2.93219 0.218992 0.176894 0.297758 0.244669 0.00121058 0.738752 0.0968247 0.16105 2
110 9768 9 73343131 77044651 4.56675 4.63035 -0.448043 0.780167 -0.103123 0.332058 0.218992 0.176894 0.297758 0.244669 0.116868 0.322391 0.22435 0.284864 2
6 9835 15 33526377 36814912 3.71512 6.05888 -1.74256 7.87789 4.77595 6.1353 0.20429 0.221168 0.271558 0.263367 4.84992e-05 0.791262 0.0436823 0.164953 2
7 9908 16 11262224 13526211 3.88502 4.62668 -1.23837 0.685588 -1.82121 -0.552807 0.20429 0.221168 0.271558 0.263367 0.0807506 0.598665 0.0599286 0.20663 2
13 9854 21 36573183 39566105 3.78469 6.88242 -1.10221 12.7737 9.89932 11.6715 0.20429 0.221168 0.271558 0.263367 5.93627e-07 0.682679 0.0473188 0.270001 2
16 9967 4 98528747 101935690 3.94527 6.58302 -1.22041 9.55442 7.54656 8.33397 0.20429 0.221168 0.271558 0.263367 1.27436e-05 0.6595 0.108731 0.231749 2
18 9954 6 167706049 170185644 3.44454 5.78971 -1.75412 6.48896 3.62212 4.73481 0.20429 0.221168 0.271558 0.263367 0.000190374 0.783438 0.0547132 0.161445 2
21 9761 9 67841188 70545037 3.36074 7.21793 -1.3911 15.2452 13.3778 13.854 0.20429 0.221168 0.271558 0.263367 3.70218e-08 0.67295 0.127685 0.199365 2
22 9794 1 58832356 62447973 3.97935 6.3848 -1.24337 9.13016 6.76249 7.88676 0.20429 0.221168 0.271558 0.263367 1.979e-05 0.685625 0.0788791 0.235463 2
23 9696 10 10102317 12756604 3.21323 5.44026 -1.75032 4.10735 5.0906 2.35544 0.20429 0.221168 0.271558 0.263367 0.000587365 0.222505 0.730297 0.045955 2
26 9691 13 108802360 111579207 3.42241 3.78696 -1.71622 -1.45069 -2.9518 -3.16704 0.20429 0.221168 0.271558 0.263367 0.239275 0.337824 0.0924502 0.0722984 2
27 9773 14 85354749 88567724 3.37522 3.49518 -1.54053 -1.69256 -2.81904 -3.23325 0.20429 0.221168 0.271558 0.263367 0.290498 0.270142 0.107525 0.0689159 2
35 9912 21 38155037 40916110 3.8974 5.32191 -1.45564 3.57417 2.54725 2.11837 0.20429 0.221168 0.271558 0.263367 0.00349496 0.578545 0.254386 0.160668 2
38 9903 4 38551032 41675707 4.25395 5.00869 -1.34211 2.39504 -0.146041 1.0529 0.20429 0.221168 0.271558 0.263367 0.015215 0.691465 0.0668857 0.215142 2
44 9781 1 205954619 209274912 4.6542 3.70685 0.351486 -1.6209 -2.01765 -1.26946 0.20429 0.221168 0.271558 0.263367 0.600122 0.0903895 0.0746365 0.152962 2
48 9773 13 102020900 104860677 3.99093 5.08944 -1.08295 4.00782 1.09839 2.92486 0.20429 0.221168 0.271558 0.263367 0.00384279 0.676106 0.0452484 0.272602 2
52 9894 17 21849058 25741844 3.27652 5.62619 -1.62883 6.28077 3.18284 4.65192 0.20429 0.221168 0.271558 0.263367 0.000262996 0.775384 0.0429777 0.181115 2
58 9936 22 44576744 47214129 3.25248 6.62292 -1.74114 11.078 8.77548 9.33676 0.20429 0.221168 0.271558 0.263367 1.8789e-06 0.750998 0.0922203 0.156778 2
59 9914 3 5833261 8258690 3.9198 5.46898 -1.65735 4.58063 1.4222 2.92326 0.20429 0.221168 0.271558 0.263367 0.00140682 0.779528 0.0406711 0.176963 2
65 9952 9 94829879 98244001 4.15181 6.75182 -1.13634 11.5498 9.85626 10.4134 0.20429 0.221168 0.271558 0.263367 1.77715e-06 0.621898 0.140399 0.2377 2
66 9732 1 97414551 101020183 3.51528 4.74778 -1.41135 0.823482 -1.72023 -0.587897 0.20429 0.221168 0.271558 0.263367 0.063189 0.639278 0.0616752 0.185598 2
70 9652 13 18378339 20733084 2.92675 6.0691 -1.69822 7.90552 5.51304 6.20725 0.20429 0.221168 0.271558 0.263367 4.68528e-05 0.751726 0.0843643 0.163813 2
72 9954 15 83747454 86724585 4.15406 5.30511 -1.30916 4.7164 1.79691 3.40722 0.20429 0.221168 0.271558 0.263367 0.0016037 0.718569 0.0476092 0.231066 2
74 9861 17 61413289 64717569 4.26923 4.41596 -0.293804 -0.40237 -2.12623 -0.696199 0.20429 0.221168 0.271558 0.263367 0.302462 0.293762 0.0643386 0.260751 2
77 9933 2 132484411 134510726 3.71682 6.41481 -1.80644 10.3175 7.36397 8.51102 0.20429 0.221168 0.271558 0.263367 3.98041e-06 0.793892 0.0508401 0.155259 2
81 9973 3 22338890 25304837 3.66177 6.52063 -1.46903 11.8846 9.29824 10.4156 0.20429 0.221168 0.271558 0.263367 1.07274e-06 0.731796 0.0676512 0.200551 2
86 9862 8 88335888 91928005 2.82487 6.89862 -2.02817 13.3354 10.182 11.3072 0.20429 0.221168 0.271558 0.263367 1.62461e-07 0.827051 0.0433698 0.129579 2
88 9764 1 218419835 221920821 3.65458 6.66273 -1.65541 11.8624 9.26454 10.207 0.20429 0.221168 0.271558 0.263367 9.43237e-07 0.75824 0.0692959 0.172462 2
92 9707 13 24523105 27312958 3.58457 8.14878 -1.41391 20.7399 17.5779 19.3259 0.20429 0.221168 0.271558 0.263367 1.64682e-10 0.745393 0.0387515 0.215855 2
103 9942 22 31214878 33752431 3.60198 6.6349 -1.67231 10.809 7.69608 9.13664 0.20429 0.221168 0.271558 0.263367 2.7438e-06 0.782318 0.0427179 0.174959 2
3 9967 12 108036186 112828201 4.71771 8.06326 0.594241 22.1843 20.0075 22.7785 0.159074 0.183699 0.36531 0.238427 1.01751e-10 0.279573 0.0630488 0.657378 2
8 9841 17 52581800 57696171 3.31787 5.96184 -1.73123 5.59558 2.94441 3.8643 0.159074 0.183699 0.36531 0.238427 0.000415153 0.728972 0.102301 0.167523 2
18 9958 6 167706049 170185644 3.75362 5.62815 -1.83828 5.90376 2.72566 4.06546 0.159074 0.183699 0.36531 0.238427 0.000291344 0.774888 0.064204 0.160001 2
25 9713 12 71953637 75651373 3.55453 6.64511 -1.665 12.3267 9.39211 10.6616 0.159074 0.183699 0.36531 0.238427 5.37342e-07 0.740054 0.0782266 0.181718 2
35 9905 21 38155037 40916110 3.74453 7.03712 -1.52061 13.2235 10.0328 11.7029 0.159074 0.183699 0.36531 0.238427 2.50551e-07 0.73233 0.0599129 0.207756 2
36 9915 22 35705614 39771883 4.35668 5.80751 -0.868347 5.00258 1.96526 4.13422 0.159074 0.183699 0.36531 0.238427 0.00148512 0.60811 0.0580018 0.331213 2
38 9901 4 38551032 41675707 4.14995 4.96181 -0.94813 1.77733 -0.772522 0.829183 0.159074 0.183699 0.36531 0.238427 0.0321589 0.566844 0.0880296 0.285059 2
39 9784 5 14198624 17667860 3.57067 5.54309 -1.4062 3.34738 2.04116 1.94106 0.159074 0.183699 0.36531 0.238427 0.00398275 0.533516 0.287353 0.169683 2
41 9919 7 77472014 80584239 3.93942 6.09903 -1.53497 6.84553 3.66577 5.31054 0.159074 0.183699 0.36531 0.238427 0.00014569 0.733744 0.060694 0.205189 2
50 9781 15 27380335 31326242 3.7867 4.17153 -1.5752 0.0304723 -1.9947 -1.54479 0.159074 0.183699 0.36531 0.238427 0.0874754 0.503187 0.132057 0.13516 2
61 9953 5 72793735 76035163 3.63103 3.71642 -1.70054 -1.19863 -2.73159 -2.89929 0.159074 0.183699 0.36531 0.238427 0.166106 0.316863 0.136041 0.0750813 2
68 9794 11 97860221 100289947 3.97939 6.41084 -1.17689 9.54407 6.48677 8.36717 0.159074 0.183699 0.36531 0.238427 1.27999e-05 0.669526 0.0625966 0.267851 2
71 9885 14 31249149 34179646 3.48579 8.17043 -1.79311 21.5676 18.5715 19.7745 0.159074 0.183699 0.36531 0.238427 4.70959e-11 0.760218 0.0755594 0.164223 2
73 9736 16 3355513 5935817 3.24494 6.73822 -1.89932 12.1221 9.35043 10.2227 0.159074 0.183699 0.36531 0.238427 5.34496e-07 0.758345 0.0943432 0.14731 2
76 9932 19 59640159 61853913 3.85379 5.69437 -1.46725 5.29832 2.36908 3.83105 0.159074 0.183699 0.36531 0.238427 0.00070901 0.710246 0.0754762 0.212534 2
77 9932 2 132484411 134510726 3.67904 6.31612 -1.61631 9.70435 7.47847 8.08798 0.159074 0.183699 0.36531 0.238427 7.12724e-06 0.679101 0.145814 0.175066 2
84 9985 6 146958779 150339910 3.79728 4.0711 -1.63557 -1.13603 -2.6043 -2.77172 0.159074 0.183699 0.36531 0.238427 0.167176 0.318148 0.14572 0.0804465 2
87 9793 9 13737703 16446284 4.19408 6.99853 -1.50784 13.0338 10.0417 11.5259 0.159074 0.183699 0.36531 0.238427 3.0201e-07 0.720915 0.0719396 0.207145 2
89 9868 10 53544648 56018906 3.38555 4.19933 -1.83605 -0.746256 -2.7744 -2.58239 0.159074 0.183699 0.36531 0.238427 0.122669 0.421243 0.110224 0.0871684 2
91 9755 12 61391332 65202444 3.93016 5.21 -1.17516 2.04206 -0.531563 0.86688 0.159074 0.183699 0.36531 0.238427 0.0213525 0.615431 0.0933299 0.246633 2
96 9912 17 74840936 77740666 3.047 4.59713 -1.90119 1.15956 -1.49462 -0.741678 0.159074 0.183699 0.36531 0.238427 0.0276809 0.682271 0.0954588 0.132284 2
98 9884 19 18794927 21475902 3.48876 7.97768 -1.19862 21.6832 18.5049 20.4845 0.159074 0.183699 0.36531 0.238427 6.78387e-11 0.678288 0.0561892 0.265523 2
100 9933 20 37488842 41249232 3.28559 5.34894 -1.72334 4.07043 1.96819 2.34702 0.159074 0.183699 0.36531 0.238427 0.00177985 0.674669 0.163928 0.156269 2
101 9925 21 43247921 46085555 3.74115 5.11435 -1.27648 2.05931 -0.910255 0.782817 0.159074 0.183699 0.36531 0.238427 0.0201129 0.652674 0.0666168 0.236358 2
104 9930 3 29641436 32646393 3.22433 6.68255 -1.75349 9.88484 7.50488 8.1313 0.159074 0.183699 0.36531 0.238427 5.42217e-06 0.709811 0.130645 0.159528 2
