2 9795 11 33361577 36395663 4.29088 4.91396 -0.0955429 0.724371 -1.44399 0.628816 0.145452 0.158488 0.320762 0.312978 0.111635 0.276161 0.0639208 0.495657 4
4 9532 13 36533589 39357508 5.27126 7.05688 3.92115 15.3683 12.831 19.2895 0.145452 0.158488 0.320762 0.312978 9.7231e-08 0.00992022 0.00158771 0.988492 4
9 9861 18 41389970 44702873 6.06327 4.99872 8.02649 3.14733 5.89362 11.1738 0.145452 0.158488 0.320762 0.312978 0.0194744 0.000161343 0.00508906 0.975272 4
13 9864 21 36573183 39566105 8.0219 5.66276 20.365 5.30437 17.5847 25.6694 0.145452 0.158488 0.320762 0.312978 0.0023036 7.22653e-10 0.000315073 0.997381 4
14 9963 22 39436352 42845161 6.51936 4.202 10.5353 0.224231 7.79818 10.7595 0.145452 0.158488 0.320762 0.312978 0.260725 9.44952e-06 0.0372325 0.70203 4
16 9968 4 98528747 101935690 4.53771 4.04206 -0.740312 0.0717109 -2.16228 -0.668624 0.145452 0.158488 0.320762 0.312978 0.13896 0.341055 0.0739266 0.321232 4
17 9960 5 152531117 155743532 3.72168 6.15337 -1.30535 7.02118 4.65721 5.71579 0.145452 0.158488 0.320762 0.312978 0.000128666 0.579304 0.110264 0.3101 4
20 9826 8 139942007 142953220 4.96917 7.50215 0.912053 16.4808 13.4647 17.3928 0.145452 0.158488 0.320762 0.312978 2.64285e-08 0.166245 0.0164849 0.81727 4
27 9782 14 85354749 88567724 3.91068 5.79378 -0.381574 5.19295 3.4181 4.81136 0.145452 0.158488 0.320762 0.312978 0.00129077 0.370776 0.1272 0.499923 4
34 9948 20 1254103 4152554 5.59638 4.92687 4.52238 1.8622 3.43119 6.38457 0.145452 0.158488 0.320762 0.312978 0.0637995 0.00486174 0.0472482 0.883794 4
37 9607 3 46456309 52678655 5.71661 5.40278 7.04074 7.27925 16.8766 14.3187 0.145452 0.158488 0.320762 0.312978 2.25537e-05 3.11945e-05 0.929677 0.0702696 4
40 9996 6 31431970 32638363 5.90475 4.5367 8.41613 0.870544 6.81273 9.28667 0.145452 0.158488 0.320762 0.312978 0.151902 8.74645e-05 0.0674024 0.780594 4
43 9687 9 10648073 12885651 5.54633 6.40723 5.76018 10.5496 8.56161 16.3098 0.145452 0.158488 0.320762 0.312978 1.21529e-05 0.00159213 0.000441355 0.997954 4
46 9685 11 58247279 61863825 6.61252 6.36494 9.82201 9.20154 7.30063 19.0235 0.145452 0.158488 0.320762 0.312978 4.68807e-05 2.74665e-05 8.3069e-06 0.999917 4
48 9782 13 102020900 104860677 5.82059 6.64063 7.605 11.2372 8.33753 18.8422 0.145452 0.158488 0.320762 0.312978 6.12129e-06 0.000252087 2.80829e-05 0.999714 4
52 9905 17 21849058 25741844 4.28654 6.28169 -0.390292 8.05745 5.09941 7.66715 0.145452 0.158488 0.320762 0.312978 8.05684e-05 0.409494 0.0430303 0.547344 4
53 9820 18 33673621 37240976 5.72808 4.66434 6.172 1.16656 3.34376 7.33855 0.145452 0.158488 0.320762 0.312978 0.124259 0.000907341 0.0161996 0.858523 4
55 9958 2 65728636 68864061 6.4303 3.55551 10.3516 -1.67073 7.54521 8.68082 0.145452 0.158488 0.320762 0.312978 0.650184 4.25686e-06 0.0866379 0.263165 4
56 9937 20 5894415 9015422 6.60908 4.65124 12.2614 0.945388 9.16287 13.2068 0.145452 0.158488 0.320762 0.312978 0.150654 1.99873e-06 0.0149881 0.834355 4
59 9907 3 5833261 8258690 6.876 4.91106 12.8976 3.08005 9.87154 15.9776 0.145452 0.158488 0.320762 0.312978 0.0208645 1.23878e-06 0.00223198 0.976902 4
64 9968 8 79605730 83456325 6.36308 6.20205 10.5153 8.65616 7.51375 19.1715 0.145452 0.158488 0.320762 0.312978 8.08797e-05 1.37304e-05 8.86601e-06 0.999897 4
65 9956 9 94829879 98244001 5.73387 3.92913 4.50993 -1.07445 1.4664 3.43546 0.145452 0.158488 0.320762 0.312978 0.540919 0.00221381 0.0568601 0.397458 4
66 9732 1 97414551 101020183 6.06541 4.89117 8.35637 2.36488 8.40624 10.7212 0.145452 0.158488 0.320762 0.312978 0.038137 0.000103884 0.0884025 0.873353 4
68 9782 11 97860221 100289947 6.68701 4.0837 10.0707 -0.976821 8.88016 9.0938 0.145452 0.158488 0.320762 0.312978 0.40312 6.99573e-06 0.270305 0.326561 4
77 9939 2 132484411 134510726 6.28988 5.69519 9.58447 6.30061 6.53735 15.8851 0.145452 0.158488 0.320762 0.312978 0.000852044 3.47998e-05 8.92439e-05 0.999024 4
78 9934 20 649321 3521062 4.92399 5.96994 2.00556 7.61928 4.60798 9.62484 0.145452 0.158488 0.320762 0.312978 0.000212184 0.0633864 0.00631525 0.930074 4
97 9758 18 48065150 50748866 6.56676 4.63187 10.4198 0.601428 7.27635 11.0212 0.145452 0.158488 0.320762 0.312978 0.199142 1.18135e-05 0.0189428 0.781901 4
106 9914 5 165203106 168801865 5.6564 5.41781 3.84734 3.57598 1.43789 7.42333 0.145452 0.158488 0.320762 0.312978 0.0126711 0.0105255 0.0025111 0.974177 4
109 9956 8 109691459 114156136 6.61529 4.9265 12.6863 2.51083 9.94361 15.1971 0.145452 0.158488 0.320762 0.312978 0.0361779 1.50168e-06 0.00513783 0.958683 4
0 9972 1 3396903 5732682 5.58741 5.0823 3.30836 2.70839 0.653221 6.01675 0.221608 0.221825 0.315406 0.201709 0.0653012 0.0358743 0.0065327 0.891867 4
1 9658 10 122297656 125147452 4.50796 6.37945 0.693599 11.1518 8.21889 11.8454 0.221608 0.221825 0.315406 0.201709 9.90759e-06 0.345402 0.0261483 0.628439 4
19 9854 7 117656302 121934604 4.74615 5.00978 1.8597 2.45808 0.206471 4.31778 0.221608 0.221825 0.315406 0.201709 0.0727034 0.13239 0.0198085 0.773082 4
24 9737 11 19510513 22379539 6.19944 6.20926 8.49942 7.89047 7.72738 16.3899 0.221608 0.221825 0.315406 0.201709 0.000410847 0.000223687 0.000270192 0.999095 4
26 9710 13 108802360 111579207 5.39066 5.16346 3.46493 3.21815 1.41797 6.68308 0.221608 0.221825 0.315406 0.201709 0.0404695 0.0316501 0.00743749 0.920218 4
28 9661 15 69007010 73520046 5.44604 5.61033 3.65915 4.1806 1.88033 7.83975 0.221608 0.221825 0.315406 0.201709 0.0160095 0.0269939 0.00384706 0.953076 4
29 9790 16 74751935 76798407 7.60394 4.30221 19.5703 -0.831993 16.9083 18.7383 0.221608 0.221825 0.315406 0.201709 0.668694 9.22668e-10 0.0664374 0.264868 4
33 9760 2 17133104 20251444 6.41741 7.41234 8.17856 17.2452 15.3975 25.4237 0.221608 0.221825 0.315406 0.201709 3.5581e-08 0.000308474 6.91285e-05 0.999622 4
34 9954 20 1254103 4152554 4.63134 4.74568 0.926762 1.30754 -0.0671713 2.23429 0.221608 0.221825 0.315406 0.201709 0.15559 0.227917 0.0819607 0.523569 4
41 9905 7 77472014 80584239 6.37229 3.43864 8.88027 -1.5805 7.6298 7.29963 0.221608 0.221825 0.315406 0.201709 0.626963 1.79726e-05 0.255537 0.117467 4
60 9877 4 16539530 19714000 4.18024 5.97851 0.453377 8.21837 5.23551 8.67174 0.221608 0.221825 0.315406 0.201709 0.000169337 0.399458 0.0287666 0.571587 4
61 9959 5 72793735 76035163 5.21186 8.17332 4.48491 22.387 19.6478 26.872 0.221608 0.221825 0.315406 0.201709 2.05327e-10 0.0122369 0.00112435 0.986639 4
62 9883 6 116195231 119789644 4.81393 4.40194 0.290287 0.317017 -1.35487 0.60729 0.221608 0.221825 0.315406 0.201709 0.271322 0.278946 0.0745225 0.339077 4
63 9823 7 46527903 49253622 7.27119 5.18771 15.7856 1.84331 13.0717 17.6289 0.221608 0.221825 0.315406 0.201709 0.146103 1.28832e-07 0.0137825 0.840114 4
68 9801 11 97860221 100289947 6.40655 3.18101 9.28663 -1.46467 6.24283 7.82194 0.221608 0.221825 0.315406 0.201709 0.782316 1.67718e-05 0.0530594 0.164595 4
83 9916 5 171953232 174777607 5.08077 6.16447 1.29212 7.81838 4.87358 9.1105 0.221608 0.221825 0.315406 0.201709 0.000333516 0.227963 0.0170534 0.754634 4
84 9981 6 146958779 150339910 3.99402 5.29583 -0.823512 2.62419 -0.167279 1.80066 0.221608 0.221825 0.315406 0.201709 0.0207631 0.653182 0.0569605 0.260673 4
86 9853 8 88335888 91928005 6.86907 4.56684 13.7173 0.4957 17.0504 14.2113 0.221608 0.221825 0.315406 0.201709 0.0235969 4.27765e-08 0.941205 0.0351982 4
88 9753 1 218419835 221920821 6.57128 4.83186 11.3917 -0.0751971 8.98876 11.3165 0.221608 0.221825 0.315406 0.201709 0.506839 5.31233e-06 0.0652487 0.427906 4
89 9876 10 53544648 56018906 5.62742 5.19069 5.34758 3.64366 3.41521 8.99124 0.221608 0.221825 0.315406 0.201709 0.0276336 0.00503341 0.00569512 0.961614 4
96 9907 17 74840936 77740666 4.65216 8.07829 0.414644 20.8426 18.5061 21.2572 0.221608 0.221825 0.315406 0.201709 5.33905e-10 0.397774 0.0546749 0.547551 4
107 9863 6 65412323 67772995 6.29783 7.796 9.73139 21.69 33.1281 31.4208 0.221608 0.221825 0.315406 0.201709 4.34519e-11 6.79164e-06 0.896065 0.103928 4
110 9764 9 73343131 77044651 6.41146 8.27024 9.50635 23.7933 23.7798 33.2997 0.221608 0.221825 0.315406 0.201709 5.09867e-11 8.17793e-05 0.000114719 0.999804 4
3 9970 12 108036186 112828201 7.33939 4.57015 16.7588 0.693632 13.6891 17.4524 0.219443 0.239022 0.312081 0.202244 0.343622 3.94636e-08 0.0226925 0.633685 4
4 9516 13 36533589 39357508 5.02462 4.09874 2.7958 -0.150345 -0.0677006 2.64545 0.219443 0.239022 0.312081 0.202244 0.515748 0.0295161 0.0418582 0.408972 4
18 9960 6 167706049 170185644 5.63331 7.43237 6.39973 16.4411 13.6669 22.8409 0.219443 0.239022 0.312081 0.202244 7.83854e-08 0.00196008 0.000159683 0.99788 4
26 9701 13 108802360 111579207 6.43907 5.81062 8.40424 6.36732 5.5057 14.7716 0.219443 0.239022 0.312081 0.202244 0.00185852 0.000264034 0.000145643 0.997732 4
29 9805 16 74751935 76798407 5.28636 5.79617 3.26085 6.70117 3.79044 9.96202 0.219443 0.239022 0.312081 0.202244 0.00127064 0.0431767 0.00306878 0.952478 4
38 9897 4 38551032 41675707 5.36008 6.08934 4.3314 9.19186 6.6917 13.5233 0.219443 0.239022 0.312081 0.202244 0.000108647 0.0152758 0.00163693 0.982978 4
39 9803 5 14198624 17667860 3.96524 5.55614 -1.34662 5.49511 2.38739 4.14847 0.219443 0.239022 0.312081 0.202244 0.000766272 0.781307 0.0456025 0.171959 4
44 9798 1 205954619 209274912 5.49465 3.69667 4.09321 -1.56706 1.19302 2.52612 0.219443 0.239022 0.312081 0.202244 0.783456 0.00297103 0.061295 0.150657 4
49 9907 14 62167530 65840963 4.16728 5.67761 -0.48613 5.47716 2.36971 4.99102 0.219443 0.239022 0.312081 0.202244 0.00149268 0.632276 0.0369136 0.329017 4
50 9777 15 27380335 31326242 5.01567 6.74865 2.07246 12.126 9.38874 14.1984 0.219443 0.239022 0.312081 0.202244 5.06111e-06 0.128098 0.0108296 0.861067 4
59 9916 3 5833261 8258690 6.9809 5.8511 13.5301 5.62294 11.6873 19.1531 0.219443 0.239022 0.312081 0.202244 0.00390258 1.56466e-06 0.000878962 0.995217 4
60 9880 4 16539530 19714000 4.10733 8.35914 -0.824975 24.0986 20.9169 23.2736 0.219443 0.239022 0.312081 0.202244 9.65826e-12 0.701746 0.0380393 0.260214 4
80 9945 22 27513133 31180800 3.96093 5.46996 -0.507057 2.95798 0.311439 2.45091 0.219443 0.239022 0.312081 0.202244 0.0175407 0.610957 0.0565537 0.311337 4
89 9869 10 53544648 56018906 5.92832 6.30119 8.03887 9.49103 7.04175 17.5299 0.219443 0.239022 0.312081 0.202244 8.19079e-05 0.000381157 4.2976e-05 0.999494 4
90 9849 11 2150393 4635862 5.05167 5.41078 1.4248 3.45701 0.715548 4.8818 0.219443 0.239022 0.312081 0.202244 0.0254603 0.211619 0.017815 0.744346 4
94 9952 15 86492235 89833911 3.8505 6.91253 -1.02979 14.1165 11.0519 13.0867 0.219443 0.239022 0.312081 0.202244 1.77996e-07 0.733638 0.0447043 0.221658 4
101 9928 21 43247921 46085555 4.81071 5.97383 0.131213 5.57907 2.49054 5.71028 0.219443 0.239022 0.312081 0.202244 0.00194852 0.49294 0.0293287 0.475571 4
103 9941 22 31214878 33752431 5.34885 6.19258 3.30977 10.4013 7.23635 13.7111 0.219443 0.239022 0.312081 0.202244 3.15397e-05 0.0412849 0.0022756 0.956408 4
104 9927 3 29641436 32646393 4.09426 7.18004 -0.980601 14.2128 11.6312 13.2322 0.219443 0.239022 0.312081 0.202244 1.63447e-07 0.706141 0.0697539 0.224105 4
107 9879 6 65412323 67772995 5.24109 7.72595 2.02404 20.9628 23.4159 22.9867 0.219443 0.239022 0.312081 0.202244 2.42189e-10 0.0442855 0.672144 0.28357 4
8 9841 17 52581800 57696171 6.74302 5.87389 10.6746 6.33241 9.39863 17.007 0.199647 0.276139 0.322497 0.162318 0.00217956 3.92147e-05 0.000982846 0.996798 4
12 9905 20 54284093 57298029 3.90795 5.82307 -1.23802 4.69276 3.45119 3.45463 0.199647 0.276139 0.322497 0.162318 0.00127098 0.661775 0.223307 0.112782 4
18 9946 6 167706049 170185644 5.15551 7.27119 3.46664 14.9217 11.816 18.3883 0.199647 0.276139 0.322497 0.162318 3.85369e-07 0.0503034 0.00263172 0.947064 4
23 9707 10 10102317 12756604 5.40985 4.08752 3.76867 -1.34011 1.19063 2.42853 0.199647 0.276139 0.322497 0.162318 0.741613 0.00619906 0.0909514 0.157858 4
39 9786 5 14198624 17667860 5.43443 5.28797 2.97813 4.64695 2.1667 7.62508 0.199647 0.276139 0.322497 0.162318 0.0106566 0.0782073 0.00764686 0.903382 4
40 9996 6 31431970 32638363 4.60153 3.95128 0.902006 -0.548407 -1.23322 0.353579 0.199647 0.276139 0.322497 0.162318 0.484224 0.157039 0.0924681 0.227496 4
41 9903 7 77472014 80584239 8.48969 4.5593 24.8096 -0.572753 23.0468 24.2368 0.199647 0.276139 0.322497 0.162318 0.576161 7.55071e-12 0.159663 0.264176 4
46 9696 11 58247279 61863825 5.97739 5.60368 6.74529 5.98678 4.102 12.7321 0.199647 0.276139 0.322497 0.162318 0.00307263 0.00199049 0.000353027 0.994583 4
50 9779 15 27380335 31326242 4.93122 5.71237 2.58064 5.32315 2.5951 7.90379 0.199647 0.276139 0.322497 0.162318 0.0052405 0.112536 0.00858842 0.873557 4
63 9817 7 46527903 49253622 4.85986 5.34441 1.48447 2.7465 1.24963 4.23097 0.199647 0.276139 0.322497 0.162318 0.0502981 0.24576 0.0642425 0.63745 4
64 9966 8 79605730 83456325 3.63447 7.65817 -1.39721 17.5365 14.6314 16.1393 0.199647 0.276139 0.322497 0.162318 3.57921e-09 0.826933 0.0528678 0.120199 4
70 9641 13 18378339 20733084 6.68085 5.98399 13.4118 7.56928 10.9507 20.981 0.199647 0.276139 0.322497 0.162318 0.000634284 2.54559e-06 8.74415e-05 0.999276 4
76 9932 19 59640159 61853913 4.40891 5.71409 -0.290005 5.1196 2.59188 4.82958 0.199647 0.276139 0.322497 0.162318 0.00210404 0.650549 0.0606599 0.286132 4
79 9733 21 19471894 22071902 4.77085 6.0405 -0.120507 7.90781 4.81182 7.78729 0.199647 0.276139 0.322497 0.162318 0.00014977 0.635248 0.0335561 0.331013 4
83 9914 5 171953232 174777607 4.7968 3.94437 -0.185368 -1.26974 -2.20279 -1.45516 0.199647 0.276139 0.322497 0.162318 0.465463 0.217677 0.0999981 0.106299 4
85 9847 7 48214395 51034141 6.9097 3.97476 15.4983 -0.929858 13.5929 14.5684 0.199647 0.276139 0.322497 0.162318 0.640561 6.49788e-08 0.153936 0.205503 4
87 9803 9 13737703 16446284 5.94326 5.87685 6.39838 6.35549 5.31289 12.7539 0.199647 0.276139 0.322497 0.162318 0.00212365 0.00281399 0.00115856 0.993903 4
92 9716 13 24523105 27312958 6.73326 5.63893 10.2859 3.77079 9.73513 14.0567 0.199647 0.276139 0.322497 0.162318 0.0268599 5.50166e-05 0.0250134 0.948071 4
102 9933 22 21294586 24228759 5.78582 3.75648 4.3741 -1.11045 2.38072 3.26361 0.199647 0.276139 0.322497 0.162318 0.668405 0.00383702 0.147092 0.179004 4
104 9916 3 29641436 32646393 6.57698 4.7872 9.24099 2.10486 6.24846 11.3459 0.199647 0.276139 0.322497 0.162318 0.128968 0.000141961 0.0104497 0.860438 4
105 9591 4 48977443 55009203 5.67782 4.25483 6.32878 -1.37004 4.08029 4.95869 0.199647 0.276139 0.322497 0.162318 0.725652 0.000455033 0.123733 0.149905 4
0 9968 1 3396903 5732682 7.76844 4.93243 17.6919 2.01615 17.5035 19.708 0.179654 0.22776 0.276046 0.271155 0.0734931 1.45017e-08 0.0935375 0.832969 4
2 9830 11 33361577 36395663 6.21183 5.39836 9.27798 3.77867 9.95256 13.0566 0.179654 0.22776 0.276046 0.271155 0.0142722 7.39971e-05 0.0430532 0.9426 4
3 9970 12 108036186 112828201 6.81972 4.69781 13.0345 0.427729 12.4019 13.4621 0.179654 0.22776 0.276046 0.271155 0.242062 1.02787e-06 0.197594 0.560343 4
4 9518 13 36533589 39357508 7.35083 5.61735 17.4574 5.7614 14.3096 23.2188 0.179654 0.22776 0.276046 0.271155 0.00208021 2.19597e-08 0.000137263 0.997783 4
5 9796 14 84613858 87574585 4.43312 4.78021 2.00809 0.877808 -0.330462 2.88589 0.179654 0.22776 0.276046 0.271155 0.191483 0.0783964 0.0283828 0.695244 4
6 9822 15 33526377 36814912 5.50926 6.08163 5.36325 9.86633 11.2434 15.2296 0.179654 0.22776 0.276046 0.271155 3.36126e-05 0.00384774 0.018483 0.977636 4
8 9843 17 52581800 57696171 5.11573 4.34034 1.57375 0.362579 -0.385064 1.93632 0.179654 0.22776 0.276046 0.271155 0.262083 0.098964 0.0567916 0.568438 4
10 9950 19 1899089 4657266 4.67519 5.98072 -0.117514 6.90477 4.92366 6.78725 0.179654 0.22776 0.276046 0.271155 0.000315922 0.44912 0.0750724 0.475402 4
11 9759 2 140347645 142858768 6.06721 3.32967 9.63028 -1.84207 7.15997 7.78815 0.179654 0.22776 0.276046 0.271155 0.730378 9.64292e-06 0.0948964 0.174704 4
15 9659 3 114807846 118657258 5.23976 5.01627 2.94509 1.01013 0.898327 3.95521 0.179654 0.22776 0.276046 0.271155 0.180526 0.0330554 0.0358252 0.748195 4
19 9826 7 117656302 121934604 4.14537 4.15333 -1.03123 0.194858 -1.62757 -0.836423 0.179654 0.22776 0.276046 0.271155 0.114821 0.496074 0.0971806 0.210575 4
21 9767 9 67841188 70545037 4.04423 6.65942 0.0264799 12.6917 11.8723 12.7182 0.179654 0.22776 0.276046 0.271155 9.03939e-07 0.362771 0.193767 0.44346 4
24 9725 11 19510513 22379539 6.96156 6.08207 12.1629 7.04475 9.11436 19.2076 0.179654 0.22776 0.276046 0.271155 0.000577364 4.38253e-06 4.20773e-05 0.999376 4
28 9663 15 69007010 73520046 5.19507 3.89068 3.06927 -0.900459 0.576844 2.16879 0.179654 0.22776 0.276046 0.271155 0.56303 0.0134753 0.071553 0.345334 4
29 9797 16 74751935 76798407 5.39294 4.93955 4.4686 1.44917 1.61067 5.91777 0.179654 0.22776 0.276046 0.271155 0.13189 0.00816457 0.0116298 0.847934 4
34 9955 20 1254103 4152554 5.79098 5.785 5.97577 6.0421 5.274 12.0179 0.179654 0.22776 0.276046 0.271155 0.00156691 0.00212269 0.00119346 0.995116 4
42 9792 8 17527768 19613312 4.66029 6.35121 0.166253 7.84116 5.58743 8.00741 0.179654 0.22776 0.276046 0.271155 0.000144563 0.394701 0.0502329 0.554891 4
64 9968 8 79605730 83456325 5.69933 6.05707 5.93624 7.16432 5.19358 13.1006 0.179654 0.22776 0.276046 0.271155 0.000511028 0.00221226 0.000373645 0.996903 4
67 9929 10 131332366 133482769 5.23123 4.18289 4.59831 -1.16243 2.82047 3.43583 0.179654 0.22776 0.276046 0.271155 0.575309 0.00229661 0.149397 0.271534 4
72 9945 15 83747454 86724585 6.97466 4.88765 14.5019 2.02976 20.0548 16.5282 0.179654 0.22776 0.276046 0.271155 0.00244578 1.18818e-08 0.96955 0.0280046 4
76 9921 19 59640159 61853913 5.73402 7.96895 5.60519 20.9844 17.9251 26.5896 0.179654 0.22776 0.276046 0.271155 5.08598e-10 0.00307992 0.000175137 0.996745 4
78 9934 20 649321 3521062 4.60825 5.82194 1.46827 7.30186 7.53273 8.7701 0.179654 0.22776 0.276046 0.271155 0.000299975 0.129904 0.198332 0.671447 4
91 9762 12 61391332 65202444 5.2521 7.08672 2.19539 14.3544 15.5114 16.5498 0.179654 0.22776 0.276046 0.271155 2.65858e-07 0.0643125 0.247884 0.687803 4
96 9918 17 74840936 77740666 4.75742 5.65677 0.933017 6.54633 3.57948 7.47935 0.179654 0.22776 0.276046 0.271155 0.000703371 0.244376 0.0152431 0.739608 4
99 9691 2 179096736 182276792 5.64289 4.70704 5.21496 -0.583563 2.15439 4.63139 0.179654 0.22776 0.276046 0.271155 0.52103 0.00200279 0.0375161 0.438736 4
104 9926 3 29641436 32646393 5.786 6.1481 4.42451 8.00516 5.02484 12.4297 0.179654 0.22776 0.276046 0.271155 0.000218732 0.00995425 0.000612601 0.989214 4
106 9911 5 165203106 168801865 4.53854 6.5469 -0.803027 10.2784 7.08162 9.47538 0.179654 0.22776 0.276046 0.271155 7.67174e-06 0.631752 0.0313112 0.336925 4
107 9880 6 65412323 67772995 5.78452 6.39477 4.94643 10.2271 10.9684 15.1735 0.179654 0.22776 0.276046 0.271155 2.34713e-05 0.00584721 0.0148732 0.979256 4
110 9757 9 73343131 77044651 5.83476 5.19915 6.06291 3.88337 11.8852 9.94556 0.179654 0.22776 0.276046 0.271155 0.00168525 0.000241625 0.874574 0.123498 4
11 9761 2 140347645 142858768 3.75772 4.31882 -1.38508 0.520139 1.91943 -0.866603 0.284536 0.282616 0.306954 0.0958325 0.026285 0.175467 0.772285 0.0148682 4
18 9959 6 167706049 170185644 5.17373 5.94479 2.69664 7.40655 4.5815 10.1032 0.284536 0.282616 0.306954 0.0958325 0.00148582 0.163875 0.0105557 0.824073 4
29 9785 16 74751935 76798407 7.11451 6.45413 15.5625 9.48249 12.3972 25.045 0.284536 0.282616 0.306954 0.0958325 0.000226115 5.13882e-07 1.02938e-05 0.999763 4
33 9756 2 17133104 20251444 5.09414 7.05711 1.07588 12.7821 10.1503 13.8579 0.284536 0.282616 0.306954 0.0958325 4.00411e-06 0.482496 0.0377046 0.479796 4
37 9595 3 46456309 52678655 4.82294 4.55822 2.79549 1.67821 6.81221 4.47262 0.284536 0.282616 0.306954 0.0958325 0.0158664 0.00515593 0.950285 0.0285904 4
40 9992 6 31431970 32638363 3.75411 5.52632 -1.51086 3.99561 1.08409 2.48472 0.284536 0.282616 0.306954 0.0958325 0.00358605 0.877221 0.0518235 0.0656531 4
41 9903 7 77472014 80584239 8.70702 3.20721 25.9886 -1.65463 22.87 24.3339 0.284536 0.282616 0.306954 0.0958325 0.89921 8.8232e-13 0.0428966 0.0578937 4
47 9865 12 119524757 123314550 5.33085 4.8972 4.33474 0.567518 2.48085 4.90225 0.284536 0.282616 0.306954 0.0958325 0.559476 0.0128457 0.0945327 0.332371 4
52 9892 17 21849058 25741844 4.67504 7.57743 1.58936 17.1623 14.4126 18.7516 0.284536 0.282616 0.306954 0.0958325 6.35841e-08 0.366139 0.0254295 0.608431 4
54 9943 19 50293421 53473822 5.3636 5.23051 3.85557 1.44061 2.38142 5.29618 0.284536 0.282616 0.306954 0.0958325 0.362264 0.0321573 0.0894836 0.515285 4
58 9936 22 44576744 47214129 7.05745 3.3945 13.7084 -1.45276 10.538 12.2556 0.284536 0.282616 0.306954 0.0958325 0.889615 2.30073e-07 0.0402966 0.0700881 4
59 9912 3 5833261 8258690 5.14589 3.9699 3.29423 -1.57497 1.35043 1.71919 0.284536 0.282616 0.306954 0.0958325 0.809256 0.00617272 0.12498 0.0564195 4
60 9871 4 16539530 19714000 4.50983 5.28119 0.202898 4.13273 1.37814 4.33563 0.284536 0.282616 0.306954 0.0958325 0.0131346 0.664025 0.0458938 0.275814 4
61 9955 5 72793735 76035163 3.60122 4.89953 -1.30612 2.68584 0.460298 1.37968 0.284536 0.282616 0.306954 0.0958325 0.0150518 0.80972 0.0949883 0.0743693 4
64 9955 8 79605730 83456325 5.04372 7.19144 2.50708 15.8899 12.9901 18.397 0.284536 0.282616 0.306954 0.0958325 2.97281e-07 0.191568 0.0114508 0.796981 4
67 9917 10 131332366 133482769 4.49846 3.79338 1.28536 -1.4314 -1.1707 -0.146077 0.284536 0.282616 0.306954 0.0958325 0.788721 0.0517738 0.0729804 0.0634797 4
68 9833 11 97860221 100289947 6.90509 4.64298 12.1203 0.0905278 9.74773 12.2108 0.284536 0.282616 0.306954 0.0958325 0.680594 4.03161e-06 0.0684583 0.250944 4
74 9855 17 61413289 64717569 4.11261 8.28772 -1.22875 22.1089 20.9531 20.8801 0.284536 0.282616 0.306954 0.0958325 5.11463e-11 0.693894 0.237253 0.0688532 4
83 9926 5 171953232 174777607 4.7201 6.07011 -0.325872 6.92696 5.29403 6.60106 0.284536 0.282616 0.306954 0.0958325 0.000489083 0.685975 0.145549 0.167915 4
93 9910 14 40003726 42939597 6.03763 6.99928 8.07469 13.7995 13.0708 21.8742 0.284536 0.282616 0.306954 0.0958325 3.01288e-06 0.000916816 0.000480499 0.9986 4
104 9919 3 29641436 32646393 5.08995 6.25045 0.766077 8.36706 12.2058 9.13096 0.284536 0.282616 0.306954 0.0958325 9.64378e-06 0.0191591 0.966885 0.0139459 4
108 9855 7 103325148 106538247 3.31339 4.64046 -1.20027 0.468166 -2.05249 -0.732133 0.284536 0.282616 0.306954 0.0958325 0.131287 0.691631 0.0604009 0.0706167 4
0 9968 1 3396903 5732682 5.7728 4.68216 4.21792 1.103 1.28639 5.32092 0.201611 0.156769 0.322533 0.289128 0.183717 0.00634016 0.0156697 0.793871 4
2 9816 11 33361577 36395663 5.74716 5.85444 6.44937 6.90529 8.14605 13.3547 0.201611 0.156769 0.322533 0.289128 0.000693714 0.000850998 0.00605479 0.9924 4
7 9908 16 11262224 13526211 8.06839 3.93184 22.3212 -0.954076 19.4694 21.3672 0.201611 0.156769 0.322533 0.289128 0.608006 3.6839e-11 0.0561587 0.335836 4
12 9894 20 54284093 57298029 4.91229 5.49036 1.62103 2.68577 0.818901 4.30679 0.201611 0.156769 0.322533 0.289128 0.0399378 0.0900614 0.0286473 0.84018 4
18 9957 6 167706049 170185644 4.8153 4.84807 2.2113 1.955 -0.137194 4.1663 0.201611 0.156769 0.322533 0.289128 0.0840255 0.0505647 0.012839 0.851203 4
20 9823 8 139942007 142953220 6.64279 6.47675 9.87904 9.35865 8.13576 19.2377 0.201611 0.156769 0.322533 0.289128 6.01131e-05 2.77785e-05 1.68241e-05 0.999895 4
23 9706 10 10102317 12756604 4.76843 3.93074 0.141598 -0.762106 -1.61246 -0.620546 0.201611 0.156769 0.322533 0.289128 0.4184 0.131784 0.115843 0.280009 4
27 9785 14 85354749 88567724 4.79131 5.72583 0.190476 5.48989 3.14907 5.68036 0.201611 0.156769 0.322533 0.289128 0.00186911 0.290994 0.0576228 0.649285 4
28 9660 15 69007010 73520046 5.95295 4.90003 7.28716 0.863028 6.06276 8.15017 0.201611 0.156769 0.322533 0.289128 0.205305 0.000258928 0.0965403 0.697875 4
29 9798 16 74751935 76798407 6.09538 4.91555 8.46516 1.84854 6.12607 10.3137 0.201611 0.156769 0.322533 0.289128 0.0974419 0.000101374 0.0150297 0.887424 4
30 9825 17 10500386 13502550 6.35728 7.81156 8.43277 18.3859 16.8009 26.8186 0.201611 0.156769 0.322533 0.289128 7.21882e-09 0.000117975 4.97473e-05 0.999832 4
39 9812 5 14198624 17667860 4.44117 4.82154 -1.1565 1.63479 -1.00472 0.478272 0.201611 0.156769 0.322533 0.289128 0.0427993 0.542529 0.0796915 0.314763 4
41 9897 7 77472014 80584239 4.71535 4.37802 0.210766 -0.767224 -2.1311 -0.556479 0.201611 0.156769 0.322533 0.289128 0.447943 0.130988 0.0689005 0.298255 4
44 9778 1 205954619 209274912 4.69241 6.08411 0.795622 7.44203 8.34276 8.23754 0.201611 0.156769 0.322533 0.289128 0.000164515 0.0985031 0.49882 0.402501 4
49 9916 14 62167530 65840963 5.4099 6.39332 4.36741 10.936 8.34543 15.3035 0.201611 0.156769 0.322533 0.289128 1.23174e-05 0.00682318 0.00105247 0.992112 4
50 9795 15 27380335 31326242 4.15766 5.04671 -0.487546 2.06003 -0.486516 1.57247 0.201611 0.156769 0.322533 0.289128 0.041615 0.41342 0.0666432 0.468252 4
58 9936 22 44576744 47214129 6.61016 4.5265 10.2648 1.2532 7.0781 11.518 0.201611 0.156769 0.322533 0.289128 0.164266 1.55812e-05 0.0108552 0.824862 4
59 9907 3 5833261 8258690 5.59163 6.05594 4.97315 7.38475 4.4528 12.3579 0.201611 0.156769 0.322533 0.289128 0.000430799 0.00373563 0.000409588 0.995424 4
61 9960 5 72793735 76035163 4.62566 6.13162 1.76936 8.24473 6.78877 10.0141 0.201611 0.156769 0.322533 0.289128 0.000161082 0.0812847 0.0389946 0.879556 4
66 9720 1 97414551 101020183 5.28333 5.47049 4.55183 5.5548 3.38929 10.1066 0.201611 0.156769 0.322533 0.289128 0.00267167 0.00566386 0.00133647 0.990324 4
67 9915 10 131332366 133482769 4.49433 3.96904 0.925559 -1.30608 -0.429321 -0.380615 0.201611 0.156769 0.322533 0.289128 0.514535 0.0429508 0.212352 0.19986 4
70 9631 13 18378339 20733084 5.36562 4.75564 4.15503 2.12124 2.46797 6.27627 0.201611 0.156769 0.322533 0.289128 0.0748362 0.0076136 0.0221559 0.89522 4
71 9887 14 31249149 34179646 5.84713 5.71228 6.11326 5.92107 4.41821 12.0343 0.201611 0.156769 0.322533 0.289128 0.00186367 0.00119576 0.000547364 0.996393 4
72 9943 15 83747454 86724585 4.94841 5.86606 3.74181 6.80543 9.49958 10.5472 0.201611 0.156769 0.322533 0.289128 0.000549825 0.0091513 0.278517 0.71178 4
92 9691 13 24523105 27312958 6.07079 4.6464 6.01559 0.0498696 3.25794 6.06545 0.201611 0.156769 0.322533 0.289128 0.382957 0.000763862 0.0388666 0.577273 4
110 9762 9 73343131 77044651 5.01968 7.6806 1.44969 19.4648 17.0323 20.9145 0.201611 0.156769 0.322533 0.289128 2.13404e-09 0.110611 0.0199853 0.869404 4
2 9820 11 33361577 36395663 7.51818 7.91597 18.0607 21.0187 25.6262 39.0793 0.218992 0.176894 0.297758 0.244669 6.66131e-10 1.0363e-08 1.74854e-06 0.999998 4
4 9510 13 36533589 39357508 7.30672 4.55665 16.1969 1.30361 14.9473 17.5005 0.218992 0.176894 0.297758 0.244669 0.181685 4.99503e-08 0.0708091 0.747506 4
6 9825 15 33526377 36814912 6.64224 5.97625 12.1343 8.30547 13.9674 20.4398 0.218992 0.176894 0.297758 0.244669 0.000220758 3.87584e-06 0.00187694 0.997898 4
8 9839 17 52581800 57696171 6.39341 3.98285 8.34385 -0.784363 5.36312 7.55948 0.218992 0.176894 0.297758 0.244669 0.633279 5.55324e-05 0.0437034 0.32292 4
10 9955 19 1899089 4657266 5.27876 6.43313 1.87686 8.92845 6.44429 10.8053 0.218992 0.176894 0.297758 0.244669 0.000105344 0.098256 0.0137928 0.887841 4
15 9638 3 114807846 118657258 3.58825 4.49956 -1.39048 -0.319419 -0.950447 -1.71012 0.218992 0.176894 0.297758 0.244669 0.134921 0.318069 0.284853 0.109499 4
21 9776 9 67841188 70545037 4.18897 4.9449 -0.208699 2.46432 0.929435 2.2556 0.218992 0.176894 0.297758 0.244669 0.0328695 0.384552 0.13948 0.43169 4
22 9804 1 58832356 62447973 7.25115 5.16093 16.073 3.36638 13.8148 19.4394 0.218992 0.176894 0.297758 0.244669 0.0298394 7.3057e-08 0.00424132 0.965919 4
32 9941 19 5208811 7876082 4.36042 5.22636 0.164867 1.58192 0.932629 1.74674 0.218992 0.176894 0.297758 0.244669 0.0773085 0.257589 0.226515 0.420121 4
35 9917 21 38155037 40916110 7.69513 4.63983 17.1711 -0.126089 16.5247 17.0449 0.218992 0.176894 0.297758 0.244669 0.370748 9.21091e-09 0.264126 0.365126 4
36 9923 22 35705614 39771883 5.52509 4.42163 3.58458 -1.15654 0.654734 2.42802 0.218992 0.176894 0.297758 0.244669 0.694961 0.00490007 0.0504639 0.244243 4
39 9807 5 14198624 17667860 4.50862 6.17019 -0.595287 9.39107 6.42766 8.79577 0.218992 0.176894 0.297758 0.244669 3.08036e-05 0.540635 0.0469962 0.412322 4
40 9974 6 31431970 32638363 7.10853 3.61872 17.1856 -1.94104 14.4084 15.2445 0.218992 0.176894 0.297758 0.244669 0.803233 3.20271e-09 0.0679449 0.128822 4
42 9810 8 17527768 19613312 6.06305 4.60898 8.56571 -0.419973 5.59531 8.14573 0.218992 0.176894 0.297758 0.244669 0.55433 5.60554e-05 0.0386519 0.406932 4
51 9806 16 34690477 48224167 3.86787 5.62946 0.181361 3.63977 5.4165 3.82063 0.218992 0.176894 0.297758 0.244669 0.00307968 0.0790239 0.786204 0.130969 4
52 9892 17 21849058 25741844 7.05209 7.01294 15.202 13.475 12.2889 28.677 0.218992 0.176894 0.297758 0.244669 1.25814e-06 1.80706e-07 9.29011e-08 0.999998 4
56 9934 20 5894415 9015422 7.67506 5.47484 18.8965 3.11922 15.711 22.0157 0.218992 0.176894 0.297758 0.244669 0.0379678 4.31248e-09 0.00213505 0.959897 4
65 9956 9 94829879 98244001 5.60097 4.69628 3.932 0.640211 1.08327 4.5722 0.218992 0.176894 0.297758 0.244669 0.309254 0.00928956 0.0243536 0.655395 4
71 9892 14 31249149 34179646 6.87883 5.4633 12.6691 4.77053 9.57789 17.4396 0.218992 0.176894 0.297758 0.244669 0.00752572 2.25706e-06 0.000465055 0.992007 4
77 9929 2 132484411 134510726 6.63795 6.639 10.4209 12.6119 9.66466 23.0329 0.218992 0.176894 0.297758 0.244669 2.98222e-06 2.15466e-05 1.90343e-06 0.999974 4
80 9942 22 27513133 31180800 4.51829 4.41863 1.55542 -0.74094 -0.0550901 0.814434 0.218992 0.176894 0.297758 0.244669 0.51416 0.0417914 0.139669 0.273806 4
81 9966 3 22338890 25304837 3.77866 4.17288 -0.759747 -0.175403 1.52334 -0.936323 0.218992 0.176894 0.297758 0.244669 0.057731 0.0836508 0.769795 0.0540596 4
87 9811 9 13737703 16446284 6.38665 4.5973 9.11325 2.83241 6.0428 11.9457 0.218992 0.176894 0.297758 0.244669 0.0498937 7.54391e-05 0.00314777 0.946882 4
88 9768 1 218419835 221920821 6.48151 5.07788 11.1682 0.979351 9.95615 12.1476 0.218992 0.176894 0.297758 0.244669 0.228335 6.93229e-06 0.0923852 0.679272 4
91 9771 12 61391332 65202444 6.92505 6.33631 12.0454 9.10067 8.98864 21.146 0.218992 0.176894 0.297758 0.244669 9.98696e-05 4.24478e-06 6.38787e-06 0.999889 4
99 9690 2 179096736 182276792 5.50965 5.83559 4.3059 5.56333 2.79126 9.86923 0.218992 0.176894 0.297758 0.244669 0.00338526 0.00961552 0.00101211 0.985974 4
105 9591 4 48977443 55009203 3.8002 3.48706 -1.68563 -1.18512 -2.78034 -2.87087 0.218992 0.176894 0.297758 0.244669 0.215105 0.286617 0.0978725 0.0734613 4
109 9948 8 109691459 114156136 6.01639 5.12707 7.06251 3.48846 3.93662 10.551 0.218992 0.176894 0.297758 0.244669 0.026556 0.000601527 0.00158504 0.971251 4
2 9812 11 33361577 36395663 6.65276 4.96487 12.4836 2.57989 10.202 15.0635 0.20429 0.221168 0.271558 0.263367 0.0551045 2.98211e-06 0.00747987 0.937413 4
3 9966 12 108036186 112828201 5.24415 6.11841 3.4738 7.41902 5.01763 10.8928 0.20429 0.221168 0.271558 0.263367 0.000451926 0.0252888 0.00281293 0.971444 4
5 9805 14 84613858 87574585 5.83121 3.66656 7.77928 -1.11062 4.82745 6.66865 0.20429 0.221168 0.271558 0.263367 0.669224 9.98184e-05 0.0464754 0.284146 4
9 9840 18 41389970 44702873 7.29792 4.80529 15.2809 1.3614 12.1491 16.6423 0.20429 0.221168 0.271558 0.263367 0.164259 1.60269e-07 0.00952849 0.826212 4
12 9890 20 54284093 57298029 4.24387 5.99336 -0.48385 5.51556 2.30595 5.03171 0.20429 0.221168 0.271558 0.263367 0.00128229 0.559724 0.0277459 0.410844 4
15 9642 3 114807846 118657258 3.95664 5.78251 -1.15954 4.79991 1.96582 3.64035 0.20429 0.221168 0.271558 0.263367 0.00164497 0.6899 0.049785 0.257653 4
19 9848 7 117656302 121934604 3.71466 4.28028 -1.16371 0.920626 -0.258381 -0.243181 0.20429 0.221168 0.271558 0.263367 0.0593546 0.516587 0.195096 0.192109 4
24 9726 11 19510513 22379539 3.79861 4.27417 -1.4883 -0.882423 -2.52248 -2.37081 0.20429 0.221168 0.271558 0.263367 0.206217 0.409193 0.0974546 0.109994 4
31 9787 18 48562900 51659407 5.33936 5.32087 2.96006 6.44417 4.08893 9.40423 0.20429 0.221168 0.271558 0.263367 0.00117464 0.0414481 0.00482815 0.952537 4
34 9946 20 1254103 4152554 4.37308 3.7802 -0.564053 -1.29338 -2.1438 -1.8575 0.20429 0.221168 0.271558 0.263367 0.40153 0.209629 0.109966 0.142001 4
39 9798 5 14198624 17667860 3.68934 5.99208 -1.41623 8.25217 5.23512 6.83592 0.20429 0.221168 0.271558 0.263367 4.33054e-05 0.741227 0.0445453 0.21415 4
41 9902 7 77472014 80584239 6.29413 3.50398 8.07309 -1.84842 4.85584 6.22464 0.20429 0.221168 0.271558 0.263367 0.795929 4.23148e-05 0.0423893 0.161591 4
42 9806 8 17527768 19613312 5.35832 6.19442 4.50515 6.83084 3.80332 11.336 0.20429 0.221168 0.271558 0.263367 0.00082886 0.0091831 0.000546129 0.98944 4
45 9897 10 25743913 28006078 7.37868 3.674 16.4904 -0.778137 17.0619 15.7118 0.20429 0.221168 0.271558 0.263367 0.253427 8.68388e-09 0.596584 0.149988 4
49 9904 14 62167530 65840963 6.88009 6.29143 13.3891 10.3203 11.2362 23.7094 0.20429 0.221168 0.271558 0.263367 2.55636e-05 1.28631e-06 3.94692e-06 0.999969 4
51 9822 16 34690477 48224167 4.13929 6.91949 0.280101 13.9317 16.5049 14.2107 0.20429 0.221168 0.271558 0.263367 5.82914e-08 0.0535642 0.862117 0.0843183 4
57 9737 21 21126615 23899366 4.74696 5.42889 1.376 4.2036 1.71503 5.5796 0.20429 0.221168 0.271558 0.263367 0.00930264 0.170251 0.0173564 0.802634 4
64 9971 8 79605730 83456325 6.76441 5.87338 12.7413 5.98496 10.7363 18.7263 0.20429 0.221168 0.271558 0.263367 0.00194738 2.4529e-06 0.000348569 0.997702 4
69 9884 12 112939118 116053820 4.65196 5.50634 0.172947 4.44281 1.28781 4.61575 0.20429 0.221168 0.271558 0.263367 0.00520202 0.402739 0.0210846 0.570126 4
73 9735 16 3355513 5935817 4.54558 6.49346 0.453714 9.72875 8.09063 10.1825 0.20429 0.221168 0.271558 0.263367 2.78113e-05 0.321214 0.0766495 0.602106 4
78 9931 20 649321 3521062 5.61339 6.95019 5.61727 14.7426 17.1613 20.3599 0.20429 0.221168 0.271558 0.263367 2.93682e-07 0.00292038 0.0402709 0.956808 4
82 9771 4 8231995 10560584 6.3054 7.82556 11.0066 19.7944 17.1435 30.801 0.20429 0.221168 0.271558 0.263367 1.96365e-09 1.3933e-05 1.20755e-06 0.999985 4
83 9929 5 171953232 174777607 6.422 4.92507 8.69562 0.925998 5.75955 9.62162 0.20429 0.221168 0.271558 0.263367 0.231191 0.000105716 0.0163105 0.752385 4
87 9808 9 13737703 16446284 5.76164 5.37306 5.40115 6.07811 3.44713 11.4793 0.20429 0.221168 0.271558 0.263367 0.00176782 0.0037663 0.000332993 0.994131 4
89 9868 10 53544648 56018906 6.05032 7.81102 8.3193 19.381 16.4682 27.7003 0.20429 0.221168 0.271558 0.263367 2.96836e-09 0.000204664 1.36503e-05 0.999782 4
94 9950 15 86492235 89833911 4.34537 6.29886 0.30456 10.1455 8.25482 10.45 0.20429 0.221168 0.271558 0.263367 1.75581e-05 0.357122 0.0661984 0.576659 4
95 9821 16 7039332 8652472 7.41396 5.94356 16.3929 7.84931 13.2894 24.2422 0.20429 0.221168 0.271558 0.263367 0.000302438 6.37812e-08 1.80487e-05 0.999679 4
96 9911 17 74840936 77740666 4.69788 6.05248 1.72099 6.96601 4.41689 8.68699 0.20429 0.221168 0.271558 0.263367 0.000627935 0.128906 0.0123693 0.858075 4
97 9780 18 48065150 50748866 6.01654 3.83307 7.70975 -1.20094 4.52198 6.5088 0.20429 0.221168 0.271558 0.263367 0.692997 0.000101238 0.0380114 0.26883 4
107 9884 6 65412323 67772995 5.90545 5.70175 7.45267 7.07612 13.5194 14.5287 0.20429 0.221168 0.271558 0.263367 0.000476073 0.000353682 0.272915 0.726255 4
108 9851 7 103325148 106538247 3.59075 4.50627 -1.21252 0.115497 -1.90729 -1.09707 0.20429 0.221168 0.271558 0.263367 0.127424 0.520569 0.0845541 0.184376 4
109 9962 8 109691459 114156136 6.20937 3.68227 9.35787 -0.925354 6.30185 8.43251 0.20429 0.221168 0.271558 0.263367 0.635468 2.35299e-05 0.0397647 0.324733 4
0 9971 1 3396903 5732682 6.46774 4.36728 8.45553 -0.318967 5.36756 8.13656 0.159074 0.183699 0.36531 0.238427 0.455693 8.13699e-05 0.047714 0.496479 4
2 9819 11 33361577 36395663 6.06714 5.63816 8.62595 5.9196 12.5385 14.5455 0.159074 0.183699 0.36531 0.238427 0.00148385 0.000114431 0.17048 0.827922 4
4 9521 13 36533589 39357508 6.7621 5.99522 12.6613 8.63058 10.5293 21.2919 0.159074 0.183699 0.36531 0.238427 0.000119114 2.44306e-06 3.24398e-05 0.999846 4
6 9835 15 33526377 36814912 5.79381 5.30988 6.46752 5.32236 8.46482 11.7899 0.159074 0.183699 0.36531 0.238427 0.00307357 0.00112932 0.0520146 0.943781 4
9 9846 18 41389970 44702873 6.64956 7.46904 12.2489 17.3841 14.203 29.633 0.159074 0.183699 0.36531 0.238427 1.88119e-08 3.69082e-06 3.04881e-07 0.999996 4
10 9953 19 1899089 4657266 5.74479 6.09982 4.64756 7.73045 4.65588 12.378 0.159074 0.183699 0.36531 0.238427 0.000290629 0.00732367 0.000673 0.991712 4
12 9888 20 54284093 57298029 4.97744 5.05538 0.726775 0.574769 -0.791045 1.30153 0.159074 0.183699 0.36531 0.238427 0.187939 0.186427 0.0946015 0.500479 4
16 9973 4 98528747 101935690 4.91957 6.86496 0.772411 13.3586 11.2741 14.131 0.159074 0.183699 0.36531 0.238427 7.29716e-07 0.24647 0.0609617 0.692568 4
21 9779 9 67841188 70545037 6.37876 4.54105 8.13679 0.861508 5.19555 8.9983 0.159074 0.183699 0.36531 0.238427 0.214156 0.000171247 0.0259672 0.759685 4
24 9721 11 19510513 22379539 6.10536 5.91227 8.65363 6.04951 6.77752 14.7031 0.159074 0.183699 0.36531 0.238427 0.00157034 0.000134137 0.000552424 0.997743 4
26 9690 13 108802360 111579207 5.16436 3.97268 1.82161 -1.2059 -0.788184 0.615692 0.159074 0.183699 0.36531 0.238427 0.5787 0.0323692 0.0977451 0.259708 4
30 9823 17 10500386 13502550 5.06132 6.82453 1.26609 11.5276 8.5126 12.7937 0.159074 0.183699 0.36531 0.238427 5.30893e-06 0.175401 0.0171076 0.807485 4
31 9772 18 48562900 51659407 5.10635 5.01735 1.71025 2.9378 1.91148 4.64804 0.159074 0.183699 0.36531 0.238427 0.027701 0.109175 0.077795 0.783645 4
37 9593 3 46456309 52678655 4.33295 4.08789 1.69742 0.819595 4.90811 2.51587 0.159074 0.183699 0.36531 0.238427 0.0161594 0.00775711 0.920181 0.0549075 4
43 9672 9 10648073 12885651 6.15474 7.25213 9.33981 16.8513 14.8122 26.1911 0.159074 0.183699 0.36531 0.238427 3.20462e-08 6.76841e-05 1.7518e-05 0.999915 4
45 9898 10 25743913 28006078 4.85203 5.7463 1.89497 7.77067 5.84306 9.66564 0.159074 0.183699 0.36531 0.238427 0.000244866 0.100745 0.029149 0.869849 4
46 9687 11 58247279 61863825 4.4489 7.78431 -0.59734 19.8506 16.7348 19.2532 0.159074 0.183699 0.36531 0.238427 6.32729e-10 0.55482 0.0489243 0.396255 4
47 9866 12 119524757 123314550 6.87876 4.13385 11.941 -0.909884 8.75659 11.0311 0.159074 0.183699 0.36531 0.238427 0.588766 1.7839e-06 0.0559783 0.355252 4
51 9813 16 34690477 48224167 4.09335 5.76343 0.899319 4.30443 4.24965 5.20371 0.159074 0.183699 0.36531 0.238427 0.00470931 0.16379 0.308355 0.522501 4
58 9936 22 44576744 47214129 8.12574 3.97418 21.9272 -1.55574 18.9365 20.3715 0.159074 0.183699 0.36531 0.238427 0.698473 5.10664e-11 0.0806016 0.220925 4
78 9928 20 649321 3521062 4.45452 7.27851 -0.412306 16.9713 16.664 16.5589 0.159074 0.183699 0.36531 0.238427 7.35394e-09 0.301038 0.440285 0.258677 4
80 9938 22 27513133 31180800 6.56785 5.02163 12.2969 0.777206 9.78239 13.0741 0.159074 0.183699 0.36531 0.238427 0.224903 2.57966e-06 0.0417845 0.733309 4
94 9951 15 86492235 89833911 4.9542 6.74627 1.85197 12.3023 9.13503 14.1542 0.159074 0.183699 0.36531 0.238427 2.67894e-06 0.1069 0.00895406 0.884144 4
97 9758 18 48065150 50748866 5.46059 4.53102 3.86753 0.23601 0.850532 4.10354 0.159074 0.183699 0.36531 0.238427 0.328103 0.0100316 0.0368813 0.622677 4
