2 9813 11 33361577 36395663 5.60193 7.26331 5.78214 16.2636 13.3068 22.0457 0.135851 0.138064 0.327348 0.37874 3.09731e-08 0.00112212 0.000138302 0.99874 4
4 9589 13 36533589 39357508 8.15357 9.27706 22.5711 32.7407 29.4397 55.3118 0.135851 0.138064 0.327348 0.37874 2.16584e-15 5.74434e-11 5.01852e-12 1 4
9 9880 18 41389970 44702873 10.2134 7.35846 39.8778 17.3246 37.6881 57.2024 0.135851 0.138064 0.327348 0.37874 1.07337e-08 1.74998e-18 2.89549e-09 1 4
13 9881 21 36573183 39566105 8.95515 8.05794 28.4098 20.7688 24.925 49.1786 0.135851 0.138064 0.327348 0.37874 3.42712e-10 1.67315e-13 2.53189e-11 1 4
14 9966 22 39436352 42845161 8.60693 6.05741 24.3976 8.6127 20.8606 33.0103 0.135851 0.138064 0.327348 0.37874 6.51992e-05 9.24639e-12 4.57209e-06 0.99993 4
16 9972 4 98528747 101935690 7.04421 6.85947 12.4473 14.4532 11.2663 26.9005 0.135851 0.138064 0.327348 0.37874 1.89576e-07 1.43194e-06 1.40216e-07 0.999998 4
17 9962 5 152531117 155743532 5.94403 8.01 7.23641 19.5304 17.0034 26.7669 0.135851 0.138064 0.327348 0.37874 1.18201e-09 0.000262343 4.96951e-05 0.999688 4
20 9853 8 139942007 142953220 8.96539 9.029 27.6034 28.8054 25.8163 56.4088 0.135851 0.138064 0.327348 0.37874 1.1084e-13 3.7474e-13 4.47197e-14 1 4
27 9814 14 85354749 88567724 4.6682 8.14942 -0.498821 21.3751 18.0691 20.8763 0.135851 0.138064 0.327348 0.37874 1.13104e-10 0.363277 0.0315755 0.605147 4
34 9963 20 1254103 4152554 7.79255 5.83743 17.9817 6.3961 15.7437 24.3778 0.135851 0.138064 0.327348 0.37874 0.000597865 5.65042e-09 0.000153686 0.999248 4
37 9660 3 46456309 52678655 8.02074 7.09277 23.4152 17.4268 43.8602 40.8399 0.135851 0.138064 0.327348 0.37874 5.18861e-10 1.32239e-12 0.946569 0.0534309 4
40 9996 6 31431970 32638363 6.02115 5.8574 8.88149 6.85832 6.03383 15.7398 0.135851 0.138064 0.327348 0.37874 0.00037669 5.0623e-05 5.26269e-05 0.99952 4
43 9733 9 10648073 12885651 7.08427 7.82229 14.6537 19.8238 17.7337 34.4775 0.135851 0.138064 0.327348 0.37874 8.81731e-10 1.5766e-07 4.62284e-08 1 4
46 9727 11 58247279 61863825 9.10006 10.3836 28.8496 42.9989 39.7118 71.8485 0.135851 0.138064 0.327348 0.37874 7.59526e-20 1.07773e-13 9.54721e-15 1 4
48 9802 13 102020900 104860677 7.13994 7.81638 15.7249 19.1492 16.6765 34.8742 0.135851 0.138064 0.327348 0.37874 1.73109e-09 5.40112e-08 1.08021e-08 1 4
52 9918 17 21849058 25741844 7.76625 8.30252 18.855 21.9953 18.8048 40.8503 0.135851 0.138064 0.327348 0.37874 1.00526e-10 2.36112e-09 2.30366e-10 1 4
53 9846 18 33673621 37240976 8.4516 5.52194 24.5761 5.7948 21.0076 30.3709 0.135851 0.138064 0.327348 0.37874 0.00109035 7.72637e-12 7.40854e-05 0.998836 4
55 9967 2 65728636 68864061 8.325 4.78637 24.4604 0.944312 21.059 25.4047 0.135851 0.138064 0.327348 0.37874 0.12124 7.54672e-12 0.009736 0.869024 4
56 9942 20 5894415 9015422 8.66374 6.01146 27.8143 5.81381 24.4926 33.6281 0.135851 0.138064 0.327348 0.37874 0.00106982 3.03126e-13 9.30375e-05 0.998837 4
59 9924 3 5833261 8258690 8.41984 7.07992 24.1939 13.6727 20.6376 37.8666 0.135851 0.138064 0.327348 0.37874 4.13753e-07 1.13365e-11 2.84582e-08 1 4
64 9975 8 79605730 83456325 7.82824 8.89735 20.4262 28.5784 25.0549 49.0046 0.135851 0.138064 0.327348 0.37874 1.3909e-13 4.90622e-10 3.43126e-11 1 4
65 9964 9 94829879 98244001 8.45946 6.23651 23.0809 7.0339 19.6587 30.1148 0.135851 0.138064 0.327348 0.37874 0.000316075 3.44905e-11 2.48604e-05 0.999659 4
66 9758 1 97414551 101020183 9.46305 6.40701 32.4274 10.2094 31.3191 42.6367 0.135851 0.138064 0.327348 0.37874 1.3208e-05 3.01092e-15 1.05067e-05 0.999976 4
68 9812 11 97860221 100289947 10.2776 5.77097 40.0129 5.09501 39.172 45.1079 0.135851 0.138064 0.327348 0.37874 0.002188 1.52194e-18 0.00227391 0.995538 4
77 9948 2 132484411 134510726 8.39145 8.3153 24.5769 23.1383 21.7465 47.7151 0.135851 0.138064 0.327348 0.37874 3.20558e-11 7.7292e-12 4.55671e-12 1 4
78 9940 20 649321 3521062 6.44705 9.42957 11.0233 33.1327 30.5376 44.156 0.135851 0.138064 0.327348 0.37874 1.46347e-15 5.94817e-06 1.05267e-06 0.999993 4
97 9786 18 48065150 50748866 9.62437 6.12373 34.7185 8.25353 31.18 42.9721 0.135851 0.138064 0.327348 0.37874 9.33721e-05 3.04532e-16 6.5374e-06 0.9999 4
106 9924 5 165203106 168801865 6.79847 8.16907 10.6304 21.6354 18.0768 32.2658 0.135851 0.138064 0.327348 0.37874 1.44077e-10 8.8109e-06 5.94966e-07 0.999991 4
109 9964 8 109691459 114156136 9.74821 6.46365 37.0817 10.8892 35.6135 47.9709 0.135851 0.138064 0.327348 0.37874 6.69286e-06 2.86644e-17 3.71473e-06 0.99999 4
0 9977 1 3396903 5732682 9.26321 7.21843 30.0948 15.5937 26.6226 45.6886 0.218309 0.191418 0.294695 0.274023 1.3459e-07 5.9453e-14 5.64101e-09 1 4
1 9709 10 122297656 125147452 7.24287 7.33976 15.944 16.2345 14.4373 32.1785 0.218309 0.191418 0.294695 0.274023 7.09123e-08 8.31407e-08 2.12165e-08 1 4
19 9876 7 117656302 121934604 8.2105 5.68344 22.9735 6.68898 19.7584 29.6625 0.218309 0.191418 0.294695 0.274023 0.000990473 7.3533e-11 5.36837e-05 0.998956 4
24 9762 11 19510513 22379539 7.88477 7.8144 19.1341 17.9928 16.7582 37.1269 0.218309 0.191418 0.294695 0.274023 1.22216e-08 3.42249e-09 1.53313e-09 1 4
26 9748 13 108802360 111579207 6.51034 5.74122 9.80513 6.22638 6.67365 16.0315 0.218309 0.191418 0.294695 0.274023 0.00157204 3.84717e-05 9.26362e-05 0.998297 4
28 9697 15 69007010 73520046 5.41527 6.86877 4.25894 13.1176 10.0448 17.3765 0.218309 0.191418 0.294695 0.274023 1.58422e-06 0.00977211 0.000696441 0.98953 4
29 9814 16 74751935 76798407 9.88207 4.33879 39.0103 -0.771107 36.3593 38.2392 0.218309 0.191418 0.294695 0.274023 0.596729 2.7659e-18 0.0568545 0.346416 4
33 9793 2 17133104 20251444 9.75678 8.89252 34.8073 28.6031 31.2709 63.4104 0.218309 0.191418 0.294695 0.274023 3.01389e-13 5.34018e-16 1.18458e-14 1 4
34 9958 20 1254103 4152554 7.51273 6.68184 15.8613 11.9109 13.9894 27.7721 0.218309 0.191418 0.294695 0.274023 5.35132e-06 9.03075e-08 1.11124e-06 0.999993 4
41 9920 7 77472014 80584239 9.02506 4.29854 28.4512 -1.19343 25.7348 27.2578 0.218309 0.191418 0.294695 0.274023 0.68037 7.96443e-14 0.0607181 0.258911 4
60 9897 4 16539530 19714000 6.50214 7.71474 10.1169 19.0948 15.8078 29.2117 0.218309 0.191418 0.294695 0.274023 4.05966e-09 2.82146e-05 1.623e-06 0.99997 4
61 9961 5 72793735 76035163 7.76118 10.7465 20.9802 46.2605 46.0909 67.2407 0.218309 0.191418 0.294695 0.274023 6.46535e-21 5.4027e-10 7.01984e-10 1 4
62 9903 6 116195231 119789644 7.69277 8.04749 17.5302 21.6846 18.1965 39.2148 0.218309 0.191418 0.294695 0.274023 3.04643e-10 1.70189e-08 8.00673e-10 1 4
63 9848 7 46527903 49253622 9.06876 7.73008 30.0671 17.2194 28.3893 47.2866 0.218309 0.191418 0.294695 0.274023 2.64837e-08 6.11221e-14 6.67697e-09 1 4
68 9816 11 97860221 100289947 8.14079 5.10521 20.8684 0.957259 18.1246 21.8257 0.218309 0.191418 0.294695 0.274023 0.229565 4.53437e-10 0.0199342 0.750501 4
83 9925 5 171953232 174777607 6.96563 7.81542 12.329 19.1025 15.7943 31.4314 0.218309 0.191418 0.294695 0.274023 4.02898e-09 3.08884e-06 1.73971e-07 0.999997 4
84 9988 6 146958779 150339910 6.23174 7.28358 8.99678 14.5198 12.0167 23.5165 0.218309 0.191418 0.294695 0.274023 3.93904e-07 8.64769e-05 1.08952e-05 0.999902 4
86 9872 8 88335888 91928005 10.9163 8.1439 48.0058 22.3173 68.2636 70.3231 0.218309 0.191418 0.294695 0.274023 1.42299e-10 8.70424e-22 0.120607 0.879393 4
88 9792 1 218419835 221920821 8.63919 6.77014 26.6239 10.4726 23.4781 37.0965 0.218309 0.191418 0.294695 0.274023 2.25458e-05 1.91245e-12 1.3097e-06 0.999976 4
89 9891 10 53544648 56018906 8.83285 7.67758 27.7709 18.7299 24.5127 46.5009 0.218309 0.191418 0.294695 0.274023 5.84751e-09 6.07353e-13 3.03568e-10 1 4
96 9921 17 74840936 77740666 6.99183 10.0769 12.9614 39.1629 36.2679 52.1243 0.218309 0.191418 0.294695 0.274023 7.81761e-18 1.64106e-06 1.39718e-07 0.999998 4
107 9892 6 65412323 67772995 6.47722 10.1333 10.3272 41.8273 52.5004 52.1544 0.218309 0.191418 0.294695 0.274023 2.16055e-19 9.07398e-06 0.603169 0.396822 4
110 9791 9 73343131 77044651 9.57832 11.5125 34.3596 56.2412 56.8559 90.6008 0.218309 0.191418 0.294695 0.274023 2.99256e-25 8.35625e-16 2.3789e-15 1 4
3 9975 12 108036186 112828201 8.29557 7.05951 23.4947 13.7474 19.9946 37.2421 0.22731 0.187399 0.29109 0.274922 8.85064e-07 4.26531e-11 3.42219e-08 0.999999 4
4 9577 13 36533589 39357508 8.04794 6.56622 21.7806 12.233 18.3934 34.0136 0.22731 0.187399 0.29109 0.274922 4.02431e-06 2.36788e-10 1.74203e-07 0.999996 4
18 9968 6 167706049 170185644 7.82502 9.01824 19.847 29.3399 26.3642 49.1869 0.22731 0.187399 0.29109 0.274922 1.49714e-13 1.63726e-09 1.29738e-10 1 4
26 9736 13 108802360 111579207 8.87026 7.50826 26.6718 17.996 23.2454 44.6678 0.22731 0.187399 0.29109 0.274922 1.26429e-08 1.77878e-12 5.26241e-10 1 4
29 9826 16 74751935 76798407 7.35834 8.00104 17.3453 21.1301 18.3952 38.4754 0.22731 0.187399 0.29109 0.274922 5.5043e-10 1.99798e-08 2.01414e-09 1 4
38 9913 4 38551032 41675707 6.99378 9.26763 13.3232 32.5741 29.4377 45.8973 0.22731 0.187399 0.29109 0.274922 5.89712e-15 1.11524e-06 7.52491e-08 0.999999 4
39 9826 5 14198624 17667860 5.43929 8.85188 2.63142 27.8002 24.3536 30.4316 0.22731 0.187399 0.29109 0.274922 6.63945e-13 0.0466597 0.00230863 0.951032 4
44 9826 1 205954619 209274912 6.89097 5.51124 11.2506 4.11692 8.43787 15.3675 0.22731 0.187399 0.29109 0.274922 0.0132799 8.73458e-06 0.0010211 0.98569 4
49 9924 14 62167530 65840963 6.35983 8.61846 8.89972 25.4949 21.9316 34.3946 0.22731 0.187399 0.29109 0.274922 6.99942e-12 9.29859e-05 4.0938e-06 0.999903 4
50 9819 15 27380335 31326242 7.20007 9.62389 14.3964 34.8716 31.3735 49.268 0.22731 0.187399 0.29109 0.274922 5.92769e-16 3.81306e-07 1.79196e-08 1 4
59 9932 3 5833261 8258690 9.15956 8.37808 30.5963 23.1474 27.9332 53.7437 0.22731 0.187399 0.29109 0.274922 7.32151e-11 3.51374e-14 6.53826e-12 1 4
60 9887 4 16539530 19714000 4.80993 10.6335 0.377924 45.7867 42.8357 46.1647 0.22731 0.187399 0.29109 0.274922 7.1602e-21 0.310367 0.0252063 0.664426 4
80 9950 22 27513133 31180800 5.80309 5.89695 6.3938 5.036 3.64471 11.4298 0.22731 0.187399 0.29109 0.274922 0.00533696 0.00113176 0.000437307 0.993093 4
89 9884 10 53544648 56018906 8.24832 8.66111 23.9363 26.478 24.7076 50.4142 0.22731 0.187399 0.29109 0.274922 2.61925e-12 2.74267e-11 7.2537e-12 1 4
90 9872 11 2150393 4635862 7.65715 8.16948 16.7134 21.1074 18.8101 37.8209 0.22731 0.187399 0.29109 0.274922 5.63077e-10 3.75843e-08 5.86909e-09 1 4
94 9955 15 86492235 89833911 5.49791 9.07928 5.69913 30.4124 27.0064 36.1116 0.22731 0.187399 0.29109 0.274922 5.10987e-14 0.00227728 0.000117336 0.997605 4
101 9944 21 43247921 46085555 7.03213 8.57257 12.3353 24.0518 22.0004 36.3871 0.22731 0.187399 0.29109 0.274922 2.96374e-11 2.99511e-06 5.98054e-07 0.999996 4
103 9955 22 31214878 33752431 7.71136 7.36684 18.0874 16.949 14.8525 35.0364 0.22731 0.187399 0.29109 0.274922 3.60219e-08 9.51256e-09 1.81591e-09 1 4
104 9934 3 29641436 32646393 6.72766 8.98215 9.95267 28.3222 24.9072 38.2749 0.22731 0.187399 0.29109 0.274922 4.14191e-13 3.24455e-05 1.65687e-06 0.999966 4
107 9901 6 65412323 67772995 6.89464 10.6103 11.2384 46.7159 46.3968 57.9543 0.22731 0.187399 0.29109 0.274922 4.25528e-21 8.96973e-06 1.01256e-05 0.999981 4
8 9858 17 52581800 57696171 8.22712 7.96931 21.2957 21.9603 20.586 43.2561 0.126122 0.272003 0.315818 0.266765 1.37218e-10 5.75206e-10 1.68975e-10 1 4
12 9917 20 54284093 57298029 4.78406 9.47413 -0.229035 32.0726 29.798 31.8435 0.126122 0.272003 0.315818 0.266765 2.28663e-15 0.526488 0.0628636 0.410649 4
18 9964 6 167706049 170185644 8.32954 7.6239 24.78 17.8952 21.338 42.6751 0.126122 0.272003 0.315818 0.266765 7.99621e-09 1.76459e-11 6.40745e-10 1 4
23 9747 10 10102317 12756604 9.05445 5.32372 29.3078 3.88951 25.8134 33.1973 0.126122 0.272003 0.315818 0.266765 0.00957137 1.88678e-13 0.000727817 0.989701 4
39 9817 5 14198624 17667860 7.29492 7.77579 14.1297 19.762 16.9707 33.8917 0.126122 0.272003 0.315818 0.266765 1.23636e-09 7.44734e-07 5.30421e-08 0.999999 4
40 9996 6 31431970 32638363 5.19989 5.211 3.74267 3.06199 1.64895 6.80465 0.126122 0.272003 0.315818 0.266765 0.0210064 0.0229361 0.00648201 0.949499 4
41 9915 7 77472014 80584239 11.3053 5.57383 52.0219 3.80452 50.0126 55.8265 0.126122 0.272003 0.315818 0.266765 0.0103828 2.56764e-23 0.00348574 0.986131 4
46 9727 11 58247279 61863825 7.90846 8.21806 18.7922 22.8148 19.4728 41.607 0.126122 0.272003 0.315818 0.266765 5.83851e-11 7.03224e-09 2.88753e-10 1 4
50 9807 15 27380335 31326242 8.04789 7.58894 21.1806 18.0845 19.6323 39.2651 0.126122 0.272003 0.315818 0.266765 6.61717e-09 6.45381e-10 3.52293e-09 1 4
63 9842 7 46527903 49253622 7.37648 7.81024 16.4425 18.3813 18.1628 34.8238 0.126122 0.272003 0.315818 0.266765 4.91785e-09 7.37169e-08 6.87956e-08 1 4
64 9978 8 79605730 83456325 6.74196 9.51594 11.4591 32.9711 31.0376 44.4302 0.126122 0.272003 0.315818 0.266765 2.26713e-15 1.07603e-05 1.80706e-06 0.999987 4
70 9689 13 18378339 20733084 8.11665 6.7331 22.8526 11.0428 21.2323 33.8954 0.126122 0.272003 0.315818 0.266765 7.56539e-06 1.21253e-10 3.74782e-06 0.999989 4
76 9941 19 59640159 61853913 6.79204 8.56214 11.5008 24.7877 21.9244 36.2884 0.126122 0.272003 0.315818 0.266765 8.11918e-12 1.0321e-05 6.84069e-07 0.999989 4
79 9765 21 19471894 22071902 6.62774 7.90123 9.52211 20.824 17.3671 30.3461 0.126122 0.272003 0.315818 0.266765 4.2743e-10 7.46466e-05 2.73244e-06 0.999923 4
83 9924 5 171953232 174777607 7.37731 6.35469 14.6628 7.75654 11.3181 22.4194 0.126122 0.272003 0.315818 0.266765 0.000202276 4.36884e-07 1.78651e-05 0.999779 4
85 9870 7 48214395 51034141 8.45503 4.70159 27.1905 2.07688 23.9605 29.2674 0.126122 0.272003 0.315818 0.266765 0.0556272 1.48722e-12 0.00551029 0.938863 4
87 9833 9 13737703 16446284 8.87016 7.70316 27.5263 19.3004 24.2092 46.8267 0.126122 0.272003 0.315818 0.266765 1.96157e-09 1.13221e-12 1.78087e-10 1 4
92 9757 13 24523105 27312958 10.3853 6.70571 41.1771 10.0255 38.8722 51.2026 0.126122 0.272003 0.315818 0.266765 2.09241e-05 1.33489e-18 5.22719e-06 0.999974 4
102 9940 22 21294586 24228759 9.28082 4.62331 30.3309 -0.442627 27.6085 29.8882 0.126122 0.272003 0.315818 0.266765 0.396323 3.69044e-14 0.0652201 0.538457 4
104 9928 3 29641436 32646393 9.49887 8.39619 32.3719 24.6596 28.8837 57.0315 0.126122 0.272003 0.315818 0.266765 9.22853e-12 8.90241e-15 7.06105e-13 1 4
105 9654 4 48977443 55009203 6.73929 4.66447 12.2459 0.846093 9.28854 13.092 0.126122 0.272003 0.315818 0.266765 0.165031 3.98554e-06 0.0214713 0.813494 4
0 9975 1 3396903 5732682 10.1981 6.20966 39.1948 8.60962 38.3116 47.8044 0.126615 0.212161 0.258451 0.384292 6.00706e-05 5.24639e-18 5.06964e-05 0.999889 4
2 9848 11 33361577 36395663 8.51122 7.55225 25.4701 16.941 28.1032 42.4111 0.126615 0.212161 0.258451 0.384292 1.44691e-08 4.79141e-12 4.11035e-07 1 4
3 9977 12 108036186 112828201 10.149 6.8599 39.5717 11.9454 39.0014 51.5171 0.126615 0.212161 0.258451 0.384292 2.13796e-06 3.59925e-18 2.46721e-06 0.999995 4
4 9568 13 36533589 39357508 9.48285 7.85536 33.7518 21.0286 30.3154 54.7804 0.126615 0.212161 0.258451 0.384292 2.42778e-10 1.2128e-15 1.5947e-11 1 4
5 9818 14 84613858 87574585 7.49453 6.26667 19.0261 8.28543 16.1773 27.3115 0.126615 0.212161 0.258451 0.384292 8.30743e-05 3.01319e-09 9.82081e-06 0.999907 4
6 9847 15 33526377 36814912 9.06399 8.73792 30.1285 28.6906 39.227 58.8192 0.126615 0.212161 0.258451 0.384292 1.14191e-13 4.5431e-14 2.0843e-09 1 4
8 9862 17 52581800 57696171 8.58533 6.30819 24.8252 8.69774 21.4578 33.5229 0.126615 0.212161 0.258451 0.384292 5.50065e-05 9.1314e-12 3.87143e-06 0.999941 4
10 9956 19 1899089 4657266 9.09774 9.79738 29.2913 36.7661 37.6827 66.0575 0.126615 0.212161 0.258451 0.384292 3.55221e-17 1.04939e-13 3.19686e-13 1 4
11 9794 2 140347645 142858768 7.78839 5.46363 20.289 4.05785 17.9409 24.3468 0.126615 0.212161 0.258451 0.384292 0.00565686 8.46567e-10 0.00110333 0.99324 4
15 9687 3 114807846 118657258 7.32956 8.66186 15.0219 25.4535 22.4876 40.4754 0.126615 0.212161 0.258451 0.384292 2.90746e-12 1.65221e-07 1.03685e-08 1 4
19 9870 7 117656302 121934604 6.52912 7.60228 12.3228 18.9426 15.8028 31.2654 0.126615 0.212161 0.258451 0.384292 1.95502e-09 2.45621e-06 1.29526e-07 0.999997 4
21 9805 9 67841188 70545037 5.91594 8.03828 5.6294 22.3157 19.151 27.9451 0.126615 0.212161 0.258451 0.384292 6.68833e-11 0.00197825 0.00010176 0.99792 4
24 9760 11 19510513 22379539 9.07171 8.26671 28.9022 21.5474 26.4685 50.4496 0.126615 0.212161 0.258451 0.384292 1.44511e-10 1.54867e-13 2.58742e-11 1 4
28 9705 15 69007010 73520046 5.47436 4.74411 4.2253 0.457483 2.35579 4.68277 0.126615 0.212161 0.258451 0.384292 0.162566 0.00629318 0.051169 0.779625 4
29 9837 16 74751935 76798407 7.52462 5.67633 18.0929 5.74362 14.7065 23.8365 0.126615 0.212161 0.258451 0.384292 0.00105417 7.6537e-09 7.27969e-05 0.998873 4
34 9965 20 1254103 4152554 6.81798 7.25279 12.3914 14.9623 12.3882 27.3537 0.126615 0.212161 0.258451 0.384292 1.04662e-07 2.29334e-06 2.12951e-07 0.999997 4
42 9816 8 17527768 19613312 8.20189 9.66301 22.1297 33.9974 31.2312 56.1271 0.126615 0.212161 0.258451 0.384292 5.66178e-16 1.35271e-10 1.03648e-11 1 4
64 9972 8 79605730 83456325 9.24698 8.30401 31.5802 22.3665 31.2946 53.9467 0.126615 0.212161 0.258451 0.384292 6.3703e-11 1.06388e-14 9.77248e-11 1 4
67 9933 10 131332366 133482769 6.58488 4.70276 11.7148 -0.617293 9.34239 11.0975 0.126615 0.212161 0.258451 0.384292 0.35367 2.61222e-06 0.0673219 0.579005 4
72 9960 15 83747454 86724585 8.80023 5.41637 28.4218 3.97944 32.4029 32.4011 0.126615 0.212161 0.258451 0.384292 0.00366714 1.49056e-13 0.401066 0.595267 4
76 9938 19 59640159 61853913 7.3489 10.2508 15.4235 41.6209 38.1811 57.0444 0.126615 0.212161 0.258451 0.384292 2.76755e-19 1.10573e-07 4.31975e-09 1 4
78 9946 20 649321 3521062 6.73965 8.31202 12.3702 24.7689 27.3207 37.1391 0.126615 0.212161 0.258451 0.384292 5.76532e-12 2.34243e-06 3.66134e-05 0.999961 4
91 9796 12 61391332 65202444 8.92802 9.82767 27.5684 36.4979 36.1455 64.0663 0.126615 0.212161 0.258451 0.384292 4.64503e-17 5.87777e-13 5.03357e-13 1 4
96 9926 17 74840936 77740666 7.76661 9.24428 18.5153 30.8831 27.5585 49.3984 0.126615 0.212161 0.258451 0.384292 1.2748e-14 5.02264e-09 2.20184e-10 1 4
99 9724 2 179096736 182276792 7.91973 7.27825 19.2493 13.7306 17.1659 32.9799 0.126615 0.212161 0.258451 0.384292 3.58661e-07 2.41067e-09 9.11569e-08 1 4
104 9938 3 29641436 32646393 8.55073 7.8806 23.8721 19.0689 20.4554 42.941 0.126615 0.212161 0.258451 0.384292 1.723e-09 2.36867e-11 1.15436e-10 1 4
106 9918 5 165203106 168801865 7.01554 7.93351 12.157 19.274 16.1518 31.4309 0.126615 0.212161 0.258451 0.384292 1.40357e-09 2.89939e-06 1.5562e-07 0.999997 4
107 9897 6 65412323 67772995 7.89294 8.27676 18.7785 24.4282 28.9972 43.2068 0.126615 0.212161 0.258451 0.384292 8.10543e-12 3.86005e-09 4.53528e-07 1 4
110 9787 9 73343131 77044651 8.35049 7.90312 22.7875 19.1336 24.7122 41.9211 0.126615 0.212161 0.258451 0.384292 1.6152e-09 7.00662e-11 2.25946e-08 1 4
11 9794 2 140347645 142858768 6.39279 5.85354 9.2893 6.74459 9.29947 16.0339 0.22399 0.214184 0.297094 0.244907 0.00107389 8.06061e-05 0.00143894 0.997407 4
18 9962 6 167706049 170185644 7.66928 8.78389 19.4447 27.6099 25.7927 47.0547 0.22399 0.214184 0.297094 0.244907 9.34087e-13 3.14083e-09 7.07846e-10 1 4
29 9816 16 74751935 76798407 8.67982 8.18426 27.6662 22.5189 24.5642 50.185 0.22399 0.214184 0.297094 0.244907 1.51848e-10 8.44363e-13 9.05525e-12 1 4
33 9800 2 17133104 20251444 7.66092 10.4083 16.5661 42.0631 38.8182 58.6293 0.22399 0.214184 0.297094 0.244907 4.9367e-19 5.58745e-08 3.0205e-09 1 4
37 9647 3 46456309 52678655 5.72026 5.97776 7.66687 9.06708 19.8045 16.7317 0.22399 0.214184 0.297094 0.244907 3.88814e-06 1.508e-05 0.963225 0.0367555 4
40 9994 6 31431970 32638363 3.84212 9.28257 -0.671701 31.3511 28.0161 30.6794 0.22399 0.214184 0.297094 0.244907 7.92471e-15 0.612179 0.0302409 0.35758 4
41 9912 7 77472014 80584239 9.0625 4.91751 28.8942 0.74359 25.8122 29.6378 0.22399 0.214184 0.297094 0.244907 0.297554 1.69233e-13 0.0181027 0.684343 4
47 9881 12 119524757 123314550 9.07877 6.90284 29.0663 11.3305 26.0199 40.3968 0.22399 0.214184 0.297094 0.244907 1.09759e-05 2.08191e-13 6.91974e-07 0.999988 4
52 9910 17 21849058 25741844 7.32384 10.265 16.8963 40.9064 37.3664 57.8027 0.22399 0.214184 0.297094 0.244907 1.56972e-18 4.01616e-08 1.61638e-09 1 4
54 9952 19 50293421 53473822 8.17938 8.39097 21.4347 22.4127 20.3859 43.8474 0.22399 0.214184 0.297094 0.244907 1.68852e-10 4.29346e-10 7.84688e-11 1 4
58 9941 22 44576744 47214129 9.16223 6.17406 30.2583 7.99988 26.8674 38.2582 0.22399 0.214184 0.297094 0.244907 0.000306751 6.31872e-14 1.37025e-05 0.99968 4
59 9923 3 5833261 8258690 8.2216 6.74633 22.7201 11.4061 19.8621 34.1262 0.22399 0.214184 0.297094 0.244907 1.01767e-05 1.1873e-10 7.74537e-07 0.999989 4
60 9890 4 16539530 19714000 6.25023 8.39095 8.61807 23.7838 20.2492 32.4019 0.22399 0.214184 0.297094 0.244907 4.28523e-11 0.000158101 6.39702e-06 0.999836 4
61 9965 5 72793735 76035163 3.9056 7.76642 -0.595668 19.5173 16.1669 18.9216 0.22399 0.214184 0.297094 0.244907 1.14675e-09 0.595627 0.0289762 0.375397 4
64 9979 8 79605730 83456325 8.66908 10.5691 26.7695 45.2544 41.7341 72.0238 0.22399 0.214184 0.297094 0.244907 2.03005e-20 2.0699e-12 8.49632e-14 1 4
67 9928 10 131332366 133482769 5.6414 5.89028 6.58122 4.95876 4.79584 11.54 0.22399 0.214184 0.297094 0.244907 0.00636428 0.00120137 0.0014159 0.991018 4
68 9850 11 97860221 100289947 10.8288 7.10481 46.3913 12.7171 43.0099 59.1084 0.22399 0.214184 0.297094 0.244907 2.74336e-06 6.22712e-21 1.23707e-07 0.999997 4
74 9868 17 61413289 64717569 3.99354 9.92906 -1.21823 36.6734 33.6936 35.4552 0.22399 0.214184 0.297094 0.244907 2.59722e-17 0.709906 0.0500239 0.24007 4
83 9946 5 171953232 174777607 7.30063 7.61556 14.4906 16.3764 13.1474 30.867 0.22399 0.214184 0.297094 0.244907 7.06385e-08 4.45234e-07 2.44534e-08 0.999999 4
93 9918 14 40003726 42939597 8.34274 9.00732 23.849 29.1607 27.5422 53.0097 0.22399 0.214184 0.297094 0.244907 1.98115e-13 3.83956e-11 1.05556e-11 1 4
104 9932 3 29641436 32646393 8.22763 7.06476 21.1495 13.2555 17.8442 34.405 0.22399 0.214184 0.297094 0.244907 1.60111e-06 5.71058e-10 7.79159e-08 0.999998 4
108 9875 7 103325148 106538247 4.77733 8.07658 2.84508 21.4864 18.2791 24.3315 0.22399 0.214184 0.297094 0.244907 4.04658e-10 0.0482469 0.00270797 0.949045 4
0 9971 1 3396903 5732682 8.72641 7.8525 25.2716 20.0411 21.7295 45.3126 0.172058 0.133958 0.330784 0.341469 9.96795e-10 4.15255e-12 5.54838e-11 1 4
2 9835 11 33361577 36395663 8.0693 8.40996 22.4517 25.2052 29.1632 47.657 0.172058 0.133958 0.330784 0.341469 5.69943e-12 6.96541e-11 9.00385e-09 1 4
7 9918 16 11262224 13526211 10.0473 5.50091 39.2492 4.34303 36.2332 43.5923 0.172058 0.133958 0.330784 0.341469 0.00650231 3.50587e-18 0.000612509 0.992885 4
12 9905 20 54284093 57298029 5.31582 9.35265 3.23015 30.9274 27.5691 34.1576 0.172058 0.133958 0.330784 0.341469 1.83427e-14 0.0152589 0.00131098 0.98343 4
18 9962 6 167706049 170185644 7.66951 7.81298 18.3316 19.2129 16.6766 37.5445 0.172058 0.133958 0.330784 0.341469 2.28179e-09 4.28844e-09 8.38273e-10 1 4
20 9847 8 139942007 142953220 9.02029 7.92068 28.1246 19.6716 25.3197 47.7962 0.172058 0.133958 0.330784 0.341469 1.44236e-09 2.39475e-13 1.67804e-10 1 4
23 9743 10 10102317 12756604 6.75365 5.46682 11.5343 5.35015 7.99968 16.8844 0.172058 0.133958 0.330784 0.341469 0.00238607 3.83036e-06 0.000133811 0.997476 4
27 9814 14 85354749 88567724 5.82898 8.20794 4.81752 21.7151 19.85 26.5326 0.172058 0.133958 0.330784 0.341469 1.86065e-10 0.00315861 0.00120793 0.995633 4
28 9699 15 69007010 73520046 4.43507 6.13654 0.0800122 7.57311 5.861 7.65311 0.172058 0.133958 0.330784 0.341469 0.000169994 0.237652 0.105915 0.656244 4
29 9817 16 74751935 76798407 9.43327 7.6423 34.3196 17.7322 31.7429 52.0517 0.172058 0.133958 0.330784 0.341469 1.00308e-08 4.88455e-16 1.46621e-09 1 4
30 9850 17 10500386 13502550 9.04431 8.00866 28.7153 19.5102 25.1831 48.2255 0.172058 0.133958 0.330784 0.341469 1.69495e-09 1.32656e-13 9.52826e-11 1 4
39 9836 5 14198624 17667860 5.27709 6.36365 1.69513 8.47573 5.17836 10.1709 0.172058 0.133958 0.330784 0.341469 9.73778e-05 0.066762 0.0060964 0.927042 4
41 9910 7 77472014 80584239 8.07564 5.30754 20.5723 2.37502 17.7658 22.9473 0.172058 0.133958 0.330784 0.341469 0.0445371 4.33546e-10 0.00517323 0.95029 4
44 9811 1 205954619 209274912 5.31795 8.0747 4.18468 21.1191 21.0503 25.3038 0.172058 0.133958 0.330784 0.341469 3.32599e-10 0.0058579 0.0135034 0.980639 4
49 9929 14 62167530 65840963 7.06815 8.80537 13.8572 26.7988 23.4272 40.656 0.172058 0.133958 0.330784 0.341469 1.1581e-12 3.76292e-07 3.19027e-08 1 4
50 9821 15 27380335 31326242 8.50677 7.42378 25.94 16.6282 22.4867 42.5682 0.172058 0.133958 0.330784 0.341469 3.0255e-08 2.12814e-12 1.84036e-09 1 4
58 9941 22 44576744 47214129 8.4443 7.42691 24.1212 17.0012 22.0308 41.1224 0.172058 0.133958 0.330784 0.341469 2.08347e-08 1.31193e-11 4.9522e-09 1 4
59 9923 3 5833261 8258690 8.49945 8.19184 24.6418 21.9765 22.1516 46.6183 0.172058 0.133958 0.330784 0.341469 1.43901e-10 7.79519e-12 2.29332e-11 1 4
61 9968 5 72793735 76035163 5.35953 9.46255 4.26945 32.2833 30.4826 36.5527 0.172058 0.133958 0.330784 0.341469 4.77006e-15 0.00544598 0.00222146 0.992333 4
66 9756 1 97414551 101020183 7.54708 7.57973 17.0826 18.7617 15.6044 35.8443 0.172058 0.133958 0.330784 0.341469 3.58273e-09 1.49531e-08 1.57072e-09 1 4
67 9929 10 131332366 133482769 5.0323 5.31582 3.0203 1.74857 1.25246 4.76887 0.172058 0.133958 0.330784 0.341469 0.0771785 0.0168456 0.0253282 0.880172 4
70 9673 13 18378339 20733084 7.09069 6.08064 15.096 8.93327 11.7765 24.0293 0.172058 0.133958 0.330784 0.341469 6.64693e-05 1.09015e-07 4.62248e-06 0.999929 4
71 9902 14 31249149 34179646 8.42438 7.84724 24.0475 20.4616 21.0139 44.5091 0.172058 0.133958 0.330784 0.341469 6.54598e-10 1.41221e-11 6.05853e-11 1 4
72 9957 15 83747454 86724585 7.97548 7.86099 22.5335 20.2488 35.5194 42.7823 0.172058 0.133958 0.330784 0.341469 8.09268e-10 6.41433e-11 0.000678707 0.999321 4
92 9741 13 24523105 27312958 8.5767 4.67142 24.0044 -0.821164 20.7472 23.1832 0.172058 0.133958 0.330784 0.341469 0.513592 6.61165e-12 0.0380099 0.448398 4
110 9784 9 73343131 77044651 6.19448 10.4337 7.04243 44.2767 42.5408 51.3192 0.172058 0.133958 0.330784 0.341469 2.97145e-20 0.0003427 0.00014913 0.999508 4
2 9844 11 33361577 36395663 10.9369 10.1075 49.1606 40.0732 58.331 89.2338 0.16955 0.141152 0.284888 0.385464 1.73685e-18 1.63502e-22 2.80409e-14 1 4
4 9558 13 36533589 39357508 9.84908 7.02808 38.0162 13.764 35.4025 51.7802 0.16955 0.141152 0.284888 0.385464 4.63109e-07 1.13107e-17 5.70107e-08 0.999999 4
6 9844 15 33526377 36814912 8.56265 7.69579 25.5342 19.2853 32.2331 44.8195 0.16955 0.141152 0.284888 0.385464 1.85271e-09 2.98097e-12 2.52631e-06 0.999997 4
8 9853 17 52581800 57696171 8.07443 7.52641 20.2845 18.5269 17.1781 38.8114 0.16955 0.141152 0.284888 0.385464 3.95521e-09 5.67872e-10 2.97473e-10 1 4
10 9959 19 1899089 4657266 7.9879 8.62052 19.1779 25.364 21.9458 44.5419 0.16955 0.141152 0.284888 0.385464 4.24504e-12 1.71726e-09 1.13591e-10 1 4
15 9702 3 114807846 118657258 5.29605 7.22 3.41884 14.1173 11.5791 17.5361 0.16955 0.141152 0.284888 0.385464 3.20817e-07 0.0118282 0.00188612 0.986285 4
21 9812 9 67841188 70545037 4.819 7.29424 2.1283 15.6393 15.3367 17.7676 0.16955 0.141152 0.284888 0.385464 6.40472e-08 0.0393206 0.0586408 0.902038 4
22 9834 1 58832356 62447973 8.57271 6.82119 25.5059 12.933 22.1484 38.4389 0.16955 0.141152 0.284888 0.385464 1.06312e-06 3.06654e-12 6.22032e-08 0.999999 4
32 9951 19 5208811 7876082 5.71237 6.25328 6.3018 7.12556 5.4581 13.4274 0.16955 0.141152 0.284888 0.385464 0.00035332 0.000670361 0.000255346 0.998721 4
35 9927 21 38155037 40916110 8.98679 6.98995 27.5732 12.2804 25.7813 39.8536 0.16955 0.141152 0.284888 0.385464 2.04182e-06 3.87983e-13 5.71718e-07 0.999997 4
36 9934 22 35705614 39771883 6.58196 7.32866 9.68569 14.2965 11.8212 23.9822 0.16955 0.141152 0.284888 0.385464 2.719e-07 2.2764e-05 3.86548e-06 0.999973 4
39 9839 5 14198624 17667860 5.39911 7.81563 2.45176 20.3657 18.1464 22.8175 0.16955 0.141152 0.284888 0.385464 6.05635e-10 0.0303754 0.00666328 0.962961 4
40 9996 6 31431970 32638363 8.1708 6.00984 23.2955 7.0809 20.2423 30.3764 0.16955 0.141152 0.284888 0.385464 0.00036978 2.79526e-11 2.93303e-05 0.999601 4
42 9836 8 17527768 19613312 8.6564 6.86326 26.363 10.8905 23.6364 37.2535 0.16955 0.141152 0.284888 0.385464 8.1965e-06 1.30132e-12 9.01279e-07 0.999991 4
51 9829 16 34690477 48224167 6.54688 9.35657 12.9099 31.0378 33.9246 43.9477 0.16955 0.141152 0.284888 0.385464 1.45795e-14 9.05744e-07 3.27863e-05 0.999966 4
52 9917 17 21849058 25741844 8.89449 8.89682 28.9531 27.9328 25.9756 56.8859 0.16955 0.141152 0.284888 0.385464 3.2529e-13 9.76153e-14 2.78305e-14 1 4
56 9942 20 5894415 9015422 9.57755 8.40671 35.9178 22.605 33.4193 58.5228 0.16955 0.141152 0.284888 0.385464 6.70046e-11 9.22124e-17 9.2554e-12 1 4
65 9961 9 94829879 98244001 8.27459 6.73342 21.6105 10.1786 19.6131 31.7891 0.16955 0.141152 0.284888 0.385464 1.67037e-05 1.50788e-10 3.80834e-06 0.999979 4
71 9905 14 31249149 34179646 8.00894 7.37733 20.4765 16.88 17.0842 37.3565 0.16955 0.141152 0.284888 0.385464 2.05315e-08 4.68662e-10 1.1602e-09 1 4
77 9943 2 132484411 134510726 9.43653 9.53336 31.8885 35.7706 32.4585 67.6591 0.16955 0.141152 0.284888 0.385464 1.28337e-16 5.18434e-15 3.81297e-16 1 4
80 9951 22 27513133 31180800 6.73699 6.63822 12.4481 9.58301 12.0782 22.0312 0.16955 0.141152 0.284888 0.385464 3.02997e-05 1.43718e-06 3.51669e-05 0.999933 4
81 9969 3 22338890 25304837 6.96143 7.53394 14.0382 18.0544 34.6023 32.0914 0.16955 0.141152 0.284888 0.385464 6.28769e-10 2.90439e-08 0.90102 0.0989802 4
87 9837 9 13737703 16446284 8.21774 8.41756 21.5906 25.5998 22.1175 47.1904 0.16955 0.141152 0.284888 0.385464 3.3533e-12 1.53827e-10 9.54288e-12 1 4
88 9803 1 218419835 221920821 8.11611 6.59218 22.8058 9.14422 23.2879 31.95 0.16955 0.141152 0.284888 0.385464 4.69843e-05 4.56238e-11 0.000127855 0.999825 4
91 9803 12 61391332 65202444 10.2361 9.23251 39.6185 31.5525 36.3365 71.171 0.16955 0.141152 0.284888 0.385464 8.71398e-15 2.27837e-18 5.49866e-16 1 4
99 9741 2 179096736 182276792 7.40444 7.8136 16.1722 17.8339 14.5683 34.0061 0.16955 0.141152 0.284888 0.385464 7.90931e-09 3.46914e-08 2.67277e-09 1 4
105 9654 4 48977443 55009203 5.62951 4.2381 5.46247 -0.38853 2.44243 5.07393 0.16955 0.141152 0.284888 0.385464 0.380753 0.000911956 0.03122 0.586934 4
109 9952 8 109691459 114156136 8.09973 5.9634 22.1194 8.49665 18.7039 30.616 0.16955 0.141152 0.284888 0.385464 8.97892e-05 9.0643e-11 4.95777e-06 0.999905 4
2 9829 11 33361577 36395663 9.42381 8.31419 33.8811 24.41 30.598 58.2911 0.11963 0.159773 0.266633 0.434927 6.89139e-12 7.09085e-16 5.76155e-13 1 4
3 9975 12 108036186 112828201 8.392 7.38183 23.3593 16.0532 23.9098 39.4125 0.11963 0.159773 0.266633 0.434927 2.93498e-08 2.63188e-11 1.13433e-07 1 4
5 9821 14 84613858 87574585 7.5532 6.84463 18.1365 12.0537 15.1069 30.1902 0.11963 0.159773 0.266633 0.434927 1.60162e-06 4.88104e-09 1.72537e-07 0.999998 4
9 9867 18 41389970 44702873 10.8309 7.89136 46.6519 21.0085 43.6002 67.6605 0.11963 0.159773 0.266633 0.434927 2.0679e-10 2.01563e-21 2.179e-11 1 4
12 9907 20 54284093 57298029 5.08033 8.62169 1.90651 24.3635 21.219 26.27 0.11963 0.159773 0.266633 0.434927 6.82016e-12 0.0515709 0.00370818 0.944721 4
15 9672 3 114807846 118657258 6.07685 9.94971 6.72607 37.3369 33.8012 44.063 0.11963 0.159773 0.266633 0.434927 1.675e-17 0.000440343 2.14132e-05 0.999538 4
19 9867 7 117656302 121934604 5.34852 5.68406 4.01345 8.21118 5.14273 12.2246 0.11963 0.159773 0.266633 0.434927 7.41693e-05 0.00659085 0.000511377 0.992823 4
24 9758 11 19510513 22379539 7.20225 6.26504 14.2305 7.39915 10.9195 21.6296 0.11963 0.159773 0.266633 0.434927 0.000168241 2.42543e-07 1.36791e-05 0.999818 4
31 9808 18 48562900 51659407 8.06183 7.34296 20.9956 17.3592 17.7705 38.3548 0.11963 0.159773 0.266633 0.434927 7.95107e-09 2.79771e-10 7.04473e-10 1 4
34 9956 20 1254103 4152554 6.17478 6.36515 6.73302 9.38555 9.16882 16.1186 0.11963 0.159773 0.266633 0.434927 2.30607e-05 0.000437036 0.000587222 0.998953 4
39 9820 5 14198624 17667860 5.5058 9.03506 2.90043 30.315 27.4538 33.2154 0.11963 0.159773 0.266633 0.434927 1.8378e-14 0.0197669 0.00188704 0.978346 4
41 9924 7 77472014 80584239 7.43493 5.49871 15.7071 3.56751 12.7227 19.2746 0.11963 0.159773 0.266633 0.434927 0.00769727 5.49362e-08 0.000867587 0.991435 4
42 9830 8 17527768 19613312 9.12987 8.94725 30.4979 27.3152 27.1244 57.8132 0.11963 0.159773 0.266633 0.434927 3.77192e-13 2.08929e-14 2.88102e-14 1 4
45 9905 10 25743913 28006078 8.7295 7.53303 28.1024 19.1293 39.6988 47.2316 0.11963 0.159773 0.266633 0.434927 1.35375e-09 2.29217e-13 0.000327995 0.999672 4
49 9914 14 62167530 65840963 8.27684 8.17503 23.4903 23.1093 20.9243 46.5997 0.11963 0.159773 0.266633 0.434927 2.53029e-11 2.30866e-11 4.33357e-12 1 4
51 9843 16 34690477 48224167 7.15356 7.69621 15.9231 17.2802 27.3436 33.2034 0.11963 0.159773 0.266633 0.434927 8.5892e-09 4.45649e-08 0.00174523 0.998255 4
57 9767 21 21126615 23899366 3.28502 6.70528 -1.86623 11.3369 10.108 9.47049 0.11963 0.159773 0.266633 0.434927 7.23421e-07 0.523729 0.255752 0.220518 4
64 9974 8 79605730 83456325 8.92555 8.37555 28.4495 22.756 25.7792 51.2055 0.11963 0.159773 0.266633 0.434927 3.60256e-11 1.62046e-13 5.55936e-12 1 4
69 9963 12 112939118 116053820 6.50436 8.1949 8.73371 22.3697 19.0733 31.1034 0.11963 0.159773 0.266633 0.434927 5.30088e-11 5.9164e-05 3.65451e-06 0.999937 4
73 9761 16 3355513 5935817 6.25252 8.40101 8.8296 23.5256 20.2646 32.3552 0.11963 0.159773 0.266633 0.434927 1.66861e-11 5.37547e-05 3.4402e-06 0.999943 4
78 9941 20 649321 3521062 8.55245 9.06824 26.3307 31.3418 36.4129 57.6726 0.11963 0.159773 0.266633 0.434927 6.72715e-15 1.34835e-12 3.58536e-10 1 4
82 9794 4 8231995 10560584 7.12709 10.8218 14.4749 46.0511 42.8747 60.526 0.11963 0.159773 0.266633 0.434927 2.75232e-21 1.89977e-07 1.32329e-08 1 4
83 9939 5 171953232 174777607 7.29879 6.04926 14.2396 6.25492 11.1614 20.4946 0.11963 0.159773 0.266633 0.434927 0.000528072 2.40236e-07 5.41887e-05 0.999417 4
87 9837 9 13737703 16446284 9.13595 7.75544 30.2041 21.0187 27.4646 51.2228 0.11963 0.159773 0.266633 0.434927 2.04699e-10 2.80285e-14 2.94746e-11 1 4
89 9889 10 53544648 56018906 8.91154 9.39107 28.6986 32.7811 30.1697 61.4798 0.11963 0.159773 0.266633 0.434927 1.595e-15 1.26308e-13 1.54774e-14 1 4
94 9964 15 86492235 89833911 5.73351 9.69748 6.3788 36.3686 32.9373 42.7475 0.11963 0.159773 0.266633 0.434927 4.40995e-17 0.00062305 3.36278e-05 0.999343 4
95 9838 16 7039332 8652472 10.4986 7.4805 42.4715 17.5453 38.977 60.0169 0.11963 0.159773 0.266633 0.434927 6.60056e-09 1.31805e-19 4.46661e-10 1 4
96 9924 17 74840936 77740666 5.86223 7.02045 6.33887 12.7865 9.82433 19.1254 0.11963 0.159773 0.266633 0.434927 7.69129e-07 0.0006484 5.59484e-05 0.999295 4
97 9800 18 48065150 50748866 8.07261 7.00929 20.9364 13.6746 17.3998 34.611 0.11963 0.159773 0.266633 0.434927 3.16671e-07 2.96856e-10 2.05491e-08 1 4
107 9893 6 65412323 67772995 8.79853 7.23685 28.3314 16.1646 44.0264 44.496 0.11963 0.159773 0.266633 0.434927 1.89805e-08 1.31834e-13 0.277107 0.722893 4
108 9873 7 103325148 106538247 4.06619 6.10891 -0.62076 7.87137 4.72426 7.2506 0.11963 0.159773 0.266633 0.434927 6.05684e-05 0.394452 0.02829 0.577179 4
109 9968 8 109691459 114156136 9.68865 5.69731 36.3423 7.11256 32.776 43.4549 0.11963 0.159773 0.266633 0.434927 0.000224064 6.0494e-17 1.41124e-05 0.999762 4
0 9973 1 3396903 5732682 9.04229 6.66207 28.0627 11.3069 25.8332 39.3697 0.16767 0.149509 0.355509 0.30849 6.67843e-06 3.14721e-13 1.52328e-06 0.999992 4
2 9843 11 33361577 36395663 8.39496 8.52217 24.8098 25.8375 29.6485 50.6473 0.16767 0.149509 0.355509 0.30849 3.26685e-12 8.1406e-12 8.74879e-10 1 4
4 9576 13 36533589 39357508 8.28792 8.62111 23.0982 26.9423 23.5485 50.0406 0.16767 0.149509 0.355509 0.30849 1.08219e-12 4.50808e-11 3.59969e-12 1 4
6 9847 15 33526377 36814912 7.72151 6.92632 18.0788 14.4505 19.9621 32.5293 0.16767 0.149509 0.355509 0.30849 2.88034e-07 6.8215e-09 4.01535e-06 0.999996 4
9 9865 18 41389970 44702873 8.1608 8.68851 22.8644 27.4906 24.1028 50.3549 0.16767 0.149509 0.355509 0.30849 6.25466e-13 5.69587e-11 4.57572e-12 1 4
10 9956 19 1899089 4657266 7.6797 9.65617 17.1111 35.1116 31.7295 52.2226 0.16767 0.149509 0.355509 0.30849 3.06521e-16 1.79546e-08 1.45062e-09 1 4
12 9903 20 54284093 57298029 5.92441 6.94124 5.11502 11.3217 8.41413 16.4367 0.16767 0.149509 0.355509 0.30849 6.55908e-06 0.00290116 0.000376722 0.996716 4
16 9974 4 98528747 101935690 7.24964 7.54649 13.5495 18.2948 14.9765 31.8443 0.16767 0.149509 0.355509 0.30849 6.16446e-09 6.32316e-07 5.44518e-08 0.999999 4
21 9806 9 67841188 70545037 8.04338 4.61275 19.7966 0.917183 16.5244 20.7138 0.16767 0.149509 0.355509 0.30849 0.175927 9.91529e-10 0.0141454 0.809928 4
24 9768 11 19510513 22379539 7.31811 8.35219 15.2121 22.9 19.5999 38.1121 0.16767 0.149509 0.355509 0.30849 6.16403e-11 1.19923e-07 1.05168e-08 1 4
26 9729 13 108802360 111579207 7.20748 4.8242 13.632 2.00242 10.6643 15.6344 0.16767 0.149509 0.355509 0.30849 0.0678572 5.38465e-07 0.0073988 0.924743 4
30 9841 17 10500386 13502550 7.50247 7.66546 15.7236 17.2369 14.8006 32.9605 0.16767 0.149509 0.355509 0.30849 1.77549e-08 7.19072e-08 1.49582e-08 1 4
31 9808 18 48562900 51659407 5.94626 9.13057 5.95657 32.8358 29.524 38.7924 0.16767 0.149509 0.355509 0.30849 2.97987e-15 0.00125294 0.000108587 0.998638 4
37 9630 3 46456309 52678655 5.92239 5.95955 10.002 8.93293 22.0475 18.9325 0.16767 0.149509 0.355509 0.30849 2.66624e-06 8.16273e-07 0.962912 0.0370843 4
43 9720 9 10648073 12885651 8.30491 9.47534 23.8298 33.9553 33.8635 57.785 0.16767 0.149509 0.355509 0.30849 9.7417e-16 2.16911e-11 4.70544e-11 1 4
45 9907 10 25743913 28006078 7.69971 7.73383 19.8656 21.1465 26.278 41.0121 0.16767 0.149509 0.355509 0.30849 3.55955e-10 1.14267e-09 4.59893e-07 1 4
46 9721 11 58247279 61863825 6.11191 9.1123 6.25519 30.6444 27.2866 36.8996 0.16767 0.149509 0.355509 0.30849 2.6674e-14 0.000929809 7.69707e-05 0.998993 4
47 9889 12 119524757 123314550 8.81792 5.55001 26.6172 3.42701 23.1086 30.0442 0.16767 0.149509 0.355509 0.30849 0.0173301 1.3111e-12 0.00110013 0.98157 4
51 9841 16 34690477 48224167 6.20986 9.3456 9.82002 30.9383 30.7258 40.7583 0.16767 0.149509 0.355509 0.30849 1.99003e-14 2.63397e-05 5.06429e-05 0.999923 4
58 9941 22 44576744 47214129 10.0279 3.66926 38.9158 -1.71341 35.5829 37.2024 0.16767 0.149509 0.355509 0.30849 0.710579 1.43479e-18 0.0537713 0.23565 4
78 9939 20 649321 3521062 5.72055 8.83551 6.84472 28.9558 31.7165 35.8005 0.16767 0.149509 0.355509 0.30849 1.41675e-13 0.000506098 0.0190262 0.980468 4
80 9952 22 27513133 31180800 8.71629 6.49657 28.519 8.57099 25.8506 37.0899 0.16767 0.149509 0.355509 0.30849 0.000102998 1.99412e-13 1.51485e-05 0.999882 4
94 9960 15 86492235 89833911 6.27808 9.39642 8.49913 33.7952 30.345 42.2943 0.16767 0.149509 0.355509 0.30849 1.14318e-15 9.86853e-05 7.44807e-06 0.999894 4
97 9793 18 48065150 50748866 6.98693 6.15355 12.7457 7.44958 9.48743 20.1953 0.16767 0.149509 0.355509 0.30849 0.000316047 1.41218e-06 2.57691e-05 0.999657 4
