5 9814 14 84613858 87574585 8.94517 6.15918 29.9187 8.02478 42.9573 37.9281 0.135851 0.138064 0.327348 0.37874 8.95748e-07 2.82343e-16 0.992485 0.007514 3
6 9851 15 33526377 36814912 8.16569 10.4756 22.6033 43.3573 72.4392 65.8922 0.135851 0.138064 0.327348 0.37874 9.41573e-23 9.86773e-14 0.998343 0.00165677 3
7 9923 16 11262224 13526211 9.60254 7.59737 34.2796 17.7153 59.1656 51.8543 0.135851 0.138064 0.327348 0.37874 6.45439e-12 4.19826e-19 0.999228 0.000772229 3
11 9792 2 140347645 142858768 7.47396 5.86282 17.255 6.78176 30.8586 23.9384 0.135851 0.138064 0.327348 0.37874 5.12381e-07 1.47279e-11 0.998858 0.00114134 3
15 9680 3 114807846 118657258 7.08145 8.25974 14.3015 22.7682 43.926 36.9664 0.135851 0.138064 0.327348 0.37874 5.64688e-14 2.72814e-10 0.998903 0.00109734 3
23 9750 10 10102317 12756604 8.1501 8.52908 22.22 25.1352 54.4821 47.2186 0.135851 0.138064 0.327348 0.37874 4.0409e-15 7.57724e-14 0.99919 0.000810004 3
25 9804 12 71953637 75651373 8.12056 10.5423 23.1448 45.2092 73.7971 68.3302 0.135851 0.138064 0.327348 0.37874 4.1491e-23 1.6122e-13 0.995136 0.00486403 3
31 9809 18 48562900 51659407 7.84976 8.63432 18.7164 25.2619 52.3158 43.4234 0.135851 0.138064 0.327348 0.37874 1.06155e-15 7.51011e-13 0.999841 0.000158975 3
33 9804 2 17133104 20251444 10.9315 9.79883 47.2301 35.2159 91.3368 81.0951 0.135851 0.138064 0.327348 0.37874 2.90228e-20 1.78673e-25 0.999959 4.12464e-05 3
45 9909 10 25743913 28006078 9.42752 9.9909 33.3288 38.7881 77.2559 72.0996 0.135851 0.138064 0.327348 0.37874 3.4504e-20 8.23759e-18 0.993377 0.00662299 3
49 9932 14 62167530 65840963 4.54722 4.27813 0.489757 -0.332032 6.03886 0.120992 0.135851 0.138064 0.327348 0.37874 0.00160578 0.000717469 0.994436 0.00309606 3
54 9953 19 50293421 53473822 6.22662 7.54281 7.64677 16.7387 32.1482 24.116 0.135851 0.138064 0.327348 0.37874 9.48563e-12 8.56387e-08 0.999624 0.000375702 3
60 9883 4 16539530 19714000 6.76994 7.40464 11.4586 15.8706 35.2018 27.0206 0.135851 0.138064 0.327348 0.37874 2.02481e-11 1.69615e-09 0.999676 0.00032368 3
67 9930 10 131332366 133482769 7.23113 5.2718 16.0596 3.78105 25.4859 19.8117 0.135851 0.138064 0.327348 0.37874 3.33059e-05 1.57414e-10 0.99601 0.0039567 3
69 9984 12 112939118 116053820 5.19278 4.52323 1.56014 -1.13037 8.28122 0.132227 0.135851 0.138064 0.327348 0.37874 0.000499737 3.44578e-05 0.999116 0.000334107 3
70 9690 13 18378339 20733084 9.64 9.65597 34.9403 34.6541 76.7207 69.457 0.135851 0.138064 0.327348 0.37874 2.96982e-19 2.26698e-19 0.99919 0.000809881 3
71 9908 14 31249149 34179646 6.59104 7.40888 10.3625 16.0724 34.1993 26.1634 0.135851 0.138064 0.327348 0.37874 1.84378e-11 5.65558e-09 0.999626 0.000374318 3
72 9966 15 83747454 86724585 6.82085 6.10605 13.4221 9.41105 27.9511 22.8163 0.135851 0.138064 0.327348 0.37874 2.01957e-07 3.71774e-09 0.993233 0.00676653 3
73 9786 16 3355513 5935817 8.23932 7.72448 22.8773 18.2732 48.378 40.9988 0.135851 0.138064 0.327348 0.37874 3.49092e-12 3.5514e-14 0.999278 0.000721603 3
76 9944 19 59640159 61853913 8.0011 5.6026 20.9099 4.42127 32.6722 25.1627 0.135851 0.138064 0.327348 0.37874 3.23198e-06 2.26752e-13 0.999363 0.000633407 3
79 9757 21 19471894 22071902 3.94869 4.42886 -1.73045 -1.11431 2.65922 -2.87026 0.135851 0.138064 0.327348 0.37874 0.00502886 0.00946393 0.976845 0.00448469 3
83 9925 5 171953232 174777607 8.31306 6.71989 22.4467 10.3984 41.4251 32.0762 0.135851 0.138064 0.327348 0.37874 2.37567e-09 1.41345e-14 0.999899 0.000100719 3
85 9863 7 48214395 51034141 8.00694 9.52391 22.3595 35.6143 62.3229 57.9659 0.135851 0.138064 0.327348 0.37874 1.8022e-18 1.0454e-12 0.985387 0.0146131 3
87 9841 9 13737703 16446284 9.56874 7.83939 34.2843 19.2316 61.337 53.2238 0.135851 0.138064 0.327348 0.37874 7.39732e-13 2.18165e-19 0.999654 0.000346479 3
90 9869 11 2150393 4635862 6.35203 6.5537 8.69208 9.01221 25.8592 17.2694 0.135851 0.138064 0.327348 0.37874 1.45341e-08 2.03439e-08 0.999785 0.000215157 3
92 9729 13 24523105 27312958 7.76645 9.8472 17.3979 35.7044 62.2852 40.4699 0.135851 0.138064 0.327348 0.37874 1.32971e-20 1.20551e-12 1 3.88207e-10 3
96 9917 17 74840936 77740666 7.73592 6.18882 17.7986 7.40819 33.1362 24.8782 0.135851 0.138064 0.327348 0.37874 9.05487e-08 2.82739e-12 0.9997 0.000299753 3
99 9714 2 179096736 182276792 8.66807 6.93799 26.4701 13.4672 46.8468 39.8284 0.135851 0.138064 0.327348 0.37874 5.86283e-10 1.34285e-15 0.998965 0.00103473 3
107 9891 6 65412323 67772995 7.02521 8.73007 12.1226 25.5226 46.8244 33.7354 0.135851 0.138064 0.327348 0.37874 3.52595e-16 2.36498e-10 0.999998 2.39254e-06 3
108 9884 7 103325148 106538247 4.72326 3.47248 1.74181 -1.32911 3.43447 0.410631 0.135851 0.138064 0.327348 0.37874 0.0671012 0.00316274 0.878588 0.0494176 3
2 9844 11 33361577 36395663 7.82624 7.16689 19.6018 15.5999 41.3483 35.1531 0.218309 0.191418 0.294695 0.274023 2.65759e-10 4.25958e-12 0.998108 0.00189244 3
7 9909 16 11262224 13526211 8.55495 7.01308 24.9308 13.8519 44.0476 38.7631 0.218309 0.191418 0.294695 0.274023 3.67574e-09 4.97465e-14 0.995308 0.00469163 3
9 9876 18 41389970 44702873 9.36934 9.75112 31.9034 35.405 75.598 66.7922 0.218309 0.191418 0.294695 0.274023 7.82172e-20 2.27474e-18 0.999861 0.00013932 3
11 9791 2 140347645 142858768 10.0235 9.06932 38.7226 29.7945 76.329 68.2264 0.218309 0.191418 0.294695 0.274023 3.44599e-17 4.00708e-21 0.999719 0.000281446 3
12 9912 20 54284093 57298029 6.50146 5.84471 8.68118 4.84115 22.4432 12.1145 0.218309 0.191418 0.294695 0.274023 7.81452e-07 1.47269e-08 0.999969 3.03871e-05 3
30 9834 17 10500386 13502550 7.87771 9.21409 20.2294 30.2702 57.2852 50.4052 0.218309 0.191418 0.294695 0.274023 5.97271e-17 1.20152e-12 0.999045 0.000955192 3
32 9939 19 5208811 7876082 8.26929 8.28888 24.5214 24.5023 54.8402 48.9893 0.218309 0.191418 0.294695 0.274023 5.02647e-14 4.32377e-14 0.997332 0.00266843 3
38 9911 4 38551032 41675707 7.71729 8.82162 17.9709 27.7808 52.3616 45.6738 0.218309 0.191418 0.294695 0.274023 8.58037e-16 1.37029e-11 0.998843 0.00115732 3
42 9849 8 17527768 19613312 8.26949 7.78761 21.9232 18.4172 48.3425 39.9791 0.218309 0.191418 0.294695 0.274023 2.48807e-12 6.54865e-14 0.999783 0.000216844 3
43 9722 9 10648073 12885651 8.42876 9.06959 24.6118 30.8795 59.5962 55.4851 0.218309 0.191418 0.294695 0.274023 4.67301e-16 2.16044e-13 0.984989 0.015011 3
51 9831 16 34690477 48224167 6.79669 5.88103 13.6552 8.52488 26.8534 22.1692 0.218309 0.191418 0.294695 0.274023 1.36176e-06 7.06186e-09 0.99148 0.00851859 3
55 9965 2 65728636 68864061 8.46424 8.51862 26.0394 26.3971 57.9773 52.4106 0.218309 0.191418 0.294695 0.274023 9.94695e-15 1.24719e-14 0.996458 0.00354203 3
58 9941 22 44576744 47214129 8.61251 10.6194 24.9926 43.7299 77.1336 68.1204 0.218309 0.191418 0.294695 0.274023 1.67917e-23 2.02087e-15 0.999887 0.00011324 3
59 9920 3 5833261 8258690 8.86162 8.30381 27.4267 24.0543 58.039 51.4073 0.218309 0.191418 0.294695 0.274023 3.75316e-14 1.12896e-15 0.998776 0.00122389 3
66 9755 1 97414551 101020183 8.96188 10.1315 29.3107 40.2937 76.0111 69.5403 0.218309 0.191418 0.294695 0.274023 3.86669e-21 1.99573e-16 0.998563 0.00143726 3
69 9984 12 112939118 116053820 6.25235 6.1317 7.21346 6.88682 22.6979 13.3178 0.218309 0.191418 0.294695 0.274023 1.39592e-07 8.82903e-08 0.999921 7.84598e-05 3
70 9688 13 18378339 20733084 10.2161 8.34251 42.5874 25.0598 72.7895 67.6293 0.218309 0.191418 0.294695 0.274023 5.63343e-14 1.20654e-21 0.99469 0.00530969 3
72 9965 15 83747454 86724585 9.69504 9.06532 36.541 30.4883 71.9343 67.0157 0.218309 0.191418 0.294695 0.274023 3.13065e-16 6.45497e-19 0.993249 0.00675051 3
74 9880 17 61413289 64717569 8.52151 8.31405 25.8556 24.0443 56.5345 49.8198 0.218309 0.191418 0.294695 0.274023 3.51188e-14 5.03279e-15 0.998873 0.00112658 3
77 9945 2 132484411 134510726 10.0556 9.28531 39.5583 32.1278 78.4887 71.5912 0.218309 0.191418 0.294695 0.274023 9.16304e-18 4.76339e-21 0.999061 0.000938572 3
78 9949 20 649321 3521062 6.02767 7.07231 7.8154 14.9948 28.4141 22.7826 0.218309 0.191418 0.294695 0.274023 8.36277e-10 9.6216e-07 0.996678 0.00332064 3
79 9754 21 19471894 22071902 4.01353 4.79383 -1.66112 0.473857 4.42869 -1.21583 0.218309 0.191418 0.294695 0.274023 0.00164839 0.012223 0.982042 0.00322968 3
81 9980 3 22338890 25304837 5.07281 6.32187 4.33719 10.4465 19.2585 14.7749 0.218309 0.191418 0.294695 0.274023 2.42584e-07 9.57213e-05 0.989514 0.0103896 3
85 9877 7 48214395 51034141 8.03109 7.78557 21.8273 21.2861 47.2795 43.1069 0.218309 0.191418 0.294695 0.274023 6.45293e-12 3.29335e-12 0.985872 0.0141279 3
91 9787 12 61391332 65202444 9.0837 9.89958 29.0803 36.1997 73.8475 64.5093 0.218309 0.191418 0.294695 0.274023 2.67614e-20 2.89955e-17 0.999918 8.18189e-05 3
95 9850 16 7039332 8652472 7.75084 7.69146 20.0972 19.5968 45.8226 39.6463 0.218309 0.191418 0.294695 0.274023 4.97149e-12 2.6427e-12 0.998071 0.00192866 3
99 9724 2 179096736 182276792 7.50498 6.7195 17.3786 11.5955 36.0251 28.8478 0.218309 0.191418 0.294695 0.274023 5.90638e-09 1.59458e-11 0.99929 0.000709617 3
102 9935 22 21294586 24228759 6.46905 7.78184 8.23324 17.5765 35.0135 15.7994 0.218309 0.191418 0.294695 0.274023 1.73446e-12 1.73704e-08 1 4.20539e-09 3
2 9845 11 33361577 36395663 9.18683 9.58355 31.5458 35.0767 73.2175 66.5453 0.22731 0.187399 0.29109 0.274922 6.22689e-19 1.75336e-17 0.998806 0.00119387 3
9 9865 18 41389970 44702873 8.51298 8.28377 24.3469 22.0812 53.4712 46.3047 0.22731 0.187399 0.29109 0.274922 1.75293e-13 1.49941e-14 0.999271 0.000728629 3
13 9888 21 36573183 39566105 7.64912 8.8621 17.7965 27.7073 52.6022 45.3733 0.22731 0.187399 0.29109 0.274922 5.97572e-16 9.92466e-12 0.999315 0.000684546 3
17 9964 5 152531117 155743532 7.53179 6.90144 18.2153 13.7443 37.3353 31.9377 0.22731 0.187399 0.29109 0.274922 3.86416e-09 3.64276e-11 0.995742 0.00425771 3
21 9803 9 67841188 70545037 5.17589 5.73691 3.4581 5.70074 14.3 9.14126 0.22731 0.187399 0.29109 0.274922 1.51919e-05 0.000117958 0.994467 0.00539966 3
27 9813 14 85354749 88567724 6.09382 4.9254 6.41506 -0.0463416 15.2034 5.1651 0.22731 0.187399 0.29109 0.274922 0.000119073 1.53394e-07 0.999839 4.12622e-05 3
30 9842 17 10500386 13502550 7.41637 8.16323 15.3668 21.2094 45.0703 35.8901 0.22731 0.187399 0.29109 0.274922 9.8283e-14 2.79271e-11 0.999903 9.73224e-05 3
32 9941 19 5208811 7876082 6.71285 6.98524 12.7745 14.8475 33.3406 27.5909 0.22731 0.187399 0.29109 0.274922 9.11081e-10 5.97059e-09 0.997002 0.00299808 3
37 9641 3 46456309 52678655 6.04751 5.77878 8.9958 7.51863 19.2848 16.5128 0.22731 0.187399 0.29109 0.274922 2.5073e-05 4.71879e-06 0.944203 0.0557669 3
40 9996 6 31431970 32638363 5.77163 6.35101 8.10812 10.7116 22.71 18.8148 0.22731 0.187399 0.29109 0.274922 3.48985e-07 3.88727e-06 0.981148 0.018848 3
41 9918 7 77472014 80584239 7.97011 10.1125 19.5893 38.9939 67.0281 57.9503 0.22731 0.187399 0.29109 0.274922 1.95051e-21 4.30124e-13 0.999892 0.000107822 3
45 9910 10 25743913 28006078 8.39924 9.89899 24.2007 38.5489 67.8913 62.7321 0.22731 0.187399 0.29109 0.274922 8.23436e-20 1.15647e-13 0.994602 0.00539794 3
46 9728 11 58247279 61863825 8.49538 8.06271 24.2498 20.7241 52.9752 44.6074 0.22731 0.187399 0.29109 0.274922 2.61345e-13 6.34132e-15 0.999781 0.000219279 3
47 9891 12 119524757 123314550 8.26342 7.91251 21.9374 19.3028 49.2756 40.8659 0.22731 0.187399 0.29109 0.274922 1.04629e-12 6.1893e-14 0.99979 0.000210275 3
48 9799 13 102020900 104860677 5.54172 8.76683 4.59087 26.971 36.6644 31.545 0.22731 0.187399 0.29109 0.274922 9.13665e-15 3.94925e-05 0.994345 0.00561561 3
51 9833 16 34690477 48224167 7.84318 7.29514 20.6068 16.0381 41.2752 36.6345 0.22731 0.187399 0.29109 0.274922 8.17476e-10 6.98971e-12 0.990968 0.00903195 3
53 9838 18 33673621 37240976 8.18458 7.99486 22.0896 20.8678 49.1582 42.906 0.22731 0.187399 0.29109 0.274922 1.36795e-12 3.32347e-13 0.998184 0.00181594 3
55 9964 2 65728636 68864061 6.06746 5.47603 8.19998 5.6249 18.8137 13.81 0.22731 0.187399 0.29109 0.274922 1.907e-05 1.19716e-06 0.993679 0.00630027 3
70 9703 13 18378339 20733084 8.50613 10.8457 26.2031 48.2204 79.2371 74.4108 0.22731 0.187399 0.29109 0.274922 7.19304e-24 2.16313e-14 0.992487 0.00751328 3
72 9954 15 83747454 86724585 6.99768 6.45644 13.1784 12.0578 30.0364 25.2239 0.22731 0.187399 0.29109 0.274922 3.69759e-08 9.94109e-09 0.992382 0.00761785 3
75 9870 18 41527221 44836357 6.58807 7.48479 9.22303 15.522 33.9423 13.8758 0.22731 0.187399 0.29109 0.274922 1.436e-11 6.44051e-09 1 1.82153e-09 3
87 9837 9 13737703 16446284 7.23 8.67325 14.6722 25.7921 48.2265 40.1913 0.22731 0.187399 0.29109 0.274922 2.08935e-15 1.16267e-10 0.999694 0.000305778 3
95 9838 16 7039332 8652472 8.07775 8.6523 22.3663 27.2131 53.9961 49.571 0.22731 0.187399 0.29109 0.274922 1.41599e-14 1.48635e-12 0.988819 0.0111808 3
97 9808 18 48065150 50748866 9.2755 9.01338 31.2812 29.034 67.9423 60.0804 0.22731 0.187399 0.29109 0.274922 9.34753e-17 8.14562e-18 0.999636 0.000363587 3
102 9931 22 21294586 24228759 8.18829 8.32995 20.7586 21.9274 51.8894 32.1169 0.22731 0.187399 0.29109 0.274922 2.35871e-14 6.25757e-14 1 2.44403e-09 3
106 9923 5 165203106 168801865 5.15845 5.46305 1.05831 2.62697 12.8126 1.06168 0.22731 0.187399 0.29109 0.274922 6.1342e-06 2.42753e-05 0.999962 7.44404e-06 3
108 9884 7 103325148 106538247 7.98776 6.66631 22.931 10.6497 38.3358 33.5688 0.22731 0.187399 0.29109 0.274922 1.58082e-07 6.0441e-13 0.99203 0.00796961 3
110 9774 9 73343131 77044657 6.63046 8.99767 11.2254 29.5018 47.6429 40.6183 0.22731 0.187399 0.29109 0.274922 1.1921e-16 8.50695e-09 0.99916 0.00083962 3
0 9976 1 3396903 5732682 9.7302 9.60755 34.5248 33.3401 77.0729 40.383 0.126122 0.272003 0.315818 0.266765 1.32728e-19 8.75449e-20 1 9.82795e-17 3
1 9696 10 122297656 125147452 9.63168 6.43095 34.3547 9.05765 49.2597 43.376 0.126122 0.272003 0.315818 0.266765 1.34032e-07 2.98265e-18 0.997653 0.00234658 3
9 9860 18 41389970 44702873 7.83709 7.41092 18.4498 15.1445 42.0583 32.9389 0.126122 0.272003 0.315818 0.266765 2.22995e-11 1.76448e-12 0.999907 9.25056e-05 3
10 9970 19 1899089 4657266 9.36458 9.65277 31.1431 33.8686 74.0388 63.2098 0.126122 0.272003 0.315818 0.266765 9.37582e-20 3.0864e-18 0.999983 1.67387e-05 3
11 9795 2 140347645 142858768 8.33993 7.28707 24.4301 15.8277 45.4735 40.2387 0.126122 0.272003 0.315818 0.266765 2.88639e-10 1.14332e-13 0.99552 0.00448041 3
17 9968 5 152531117 155743532 6.1778 6.22046 8.52551 9.53633 24.5492 17.9937 0.126122 0.272003 0.315818 0.266765 4.38349e-08 2.59773e-07 0.9988 0.00119986 3
19 9870 7 117656302 121934604 8.7718 7.04927 27.2825 14.1946 47.2054 41.4454 0.126122 0.272003 0.315818 0.266765 8.86674e-10 3.95867e-15 0.997345 0.00265452 3
21 9809 9 67841188 70545037 8.27728 4.53322 21.7394 -0.253912 27.6921 21.4336 0.126122 0.272003 0.315818 0.266765 0.00103505 6.26882e-13 0.997352 0.00161246 3
22 9816 1 58832356 62447973 8.55962 10.574 26.2386 45.622 77.8542 71.8189 0.126122 0.272003 0.315818 0.266765 1.52788e-23 8.62991e-15 0.997983 0.00201707 3
28 9700 15 69007010 73520046 6.62154 6.70106 10.3125 11.2848 28.8871 21.4335 0.126122 0.272003 0.315818 0.266765 3.42212e-09 1.95142e-08 0.999511 0.000489134 3
29 9815 16 74751935 76798407 8.11702 7.54143 22.027 18.6788 46.152 40.6819 0.126122 0.272003 0.315818 0.266765 1.32579e-11 1.00489e-12 0.996456 0.00354418 3
30 9836 17 10500386 13502550 10.7548 10.1813 45.8551 39.6191 93.7686 84.9519 0.126122 0.272003 0.315818 0.266765 6.2049e-22 2.61984e-24 0.999875 0.000125208 3
31 9805 18 48562900 51659407 6.54195 6.2121 9.46726 7.48895 25.3746 16.3363 0.126122 0.272003 0.315818 0.266765 4.92981e-08 1.47043e-08 0.9999 0.000100317 3
32 9944 19 5208811 7876082 7.91279 7.3343 21.096 15.9966 41.9485 37.0796 0.126122 0.272003 0.315818 0.266765 3.48683e-10 4.58765e-12 0.993553 0.00644725 3
34 9959 20 1254103 4152554 5.8078 6.00329 4.45779 5.67782 19.2605 7.58646 0.126122 0.272003 0.315818 0.266765 1.48809e-07 1.08708e-06 0.999992 7.18999e-06 3
45 9912 10 25743913 28006078 10.0651 8.28703 40.8776 24.3793 70.1463 65.2434 0.126122 0.272003 0.315818 0.266765 7.71642e-14 1.13787e-20 0.993767 0.00623311 3
57 9769 21 21126615 23899366 7.2075 6.21054 14.038 7.1808 29.5434 20.6703 0.126122 0.272003 0.315818 0.266765 7.36881e-08 1.67158e-10 0.999882 0.000118338 3
61 9962 5 72793735 76035163 6.63622 7.40168 13.2307 18.2174 36.4121 31.4336 0.126122 0.272003 0.315818 0.266765 3.39836e-11 1.07341e-08 0.994219 0.00578148 3
65 9962 9 94829879 98244001 9.11707 8.61843 29.0155 24.5803 62.5346 52.1474 0.126122 0.272003 0.315818 0.266765 1.10715e-15 2.83009e-17 0.999974 2.60366e-05 3
69 9985 12 112939118 116053820 4.63065 5.93341 -1.13337 5.21983 12.7166 3.26405 0.126122 0.272003 0.315818 0.266765 3.85617e-07 0.000477635 0.999456 6.62626e-05 3
71 9909 14 31249149 34179646 6.36535 7.30892 8.70988 14.9657 31.5423 23.37 0.126122 0.272003 0.315818 0.266765 4.84467e-11 5.44392e-08 0.999761 0.000238462 3
75 9866 18 41527221 44836357 4.16569 4.29761 -1.70073 -1.24566 2.2817 -2.96546 0.126122 0.272003 0.315818 0.266765 0.00713419 0.0242527 0.958375 0.00426005 3
77 9951 2 132484411 134510726 8.22113 8.08588 22.1774 21.2415 50.881 43.2265 0.126122 0.272003 0.315818 0.266765 1.36565e-13 1.15523e-13 0.9996 0.000400142 3
80 9953 22 27513133 31180800 6.82104 7.10793 13.4585 14.7958 33.7469 28.2296 0.126122 0.272003 0.315818 0.266765 6.14819e-10 5.0501e-09 0.996619 0.00338127 3
82 9814 4 8231995 10560584 6.3588 6.13089 9.72558 9.19129 21.179 18.9159 0.126122 0.272003 0.315818 0.266765 3.89616e-06 4.92467e-06 0.919216 0.0807748 3
86 9877 8 88335888 91928005 8.03117 6.15613 22.1193 8.63824 36.4608 30.7267 0.126122 0.272003 0.315818 0.266765 2.35363e-07 7.09228e-13 0.997276 0.00272412 3
90 9868 11 2150393 4635862 7.40965 7.54546 14.8938 15.8893 39.9613 26.8048 0.126122 0.272003 0.315818 0.266765 5.18424e-12 3.02554e-11 0.999998 1.63262e-06 3
95 9836 16 7039332 8652472 8.67615 7.19511 28.025 16.0397 49.9667 44.0268 0.126122 0.272003 0.315818 0.266765 1.17826e-10 1.58443e-15 0.997781 0.00221857 3
99 9718 2 179096736 182276792 8.62981 6.22138 26.3661 8.56805 41.8321 34.8267 0.126122 0.272003 0.315818 0.266765 7.66019e-08 3.07912e-15 0.999234 0.000765532 3
103 9942 22 31214878 33752431 8.24366 7.90821 21.9847 19.4716 49.4925 41.084 0.126122 0.272003 0.315818 0.266765 4.51627e-13 7.89122e-14 0.999812 0.000188293 3
109 9958 8 109691459 114156136 9.1073 7.76641 31.2286 19.9812 57.204 51.1688 0.126122 0.272003 0.315818 0.266765 2.08699e-12 5.86956e-17 0.997983 0.00201714 3
1 9701 10 122297656 125147452 5.24993 7.54727 3.82498 17.893 28.1916 21.6489 0.126615 0.212161 0.258451 0.384292 1.27902e-11 2.75885e-05 0.997835 0.00213736 3
13 9874 21 36573183 39566105 8.54597 7.68138 25.0409 18.6433 49.8754 43.6335 0.126615 0.212161 0.258451 0.384292 8.00542e-12 2.23401e-14 0.997115 0.00288532 3
16 9974 4 98528747 101935690 8.89913 7.98339 27.2162 19.7506 55.2659 46.4507 0.126615 0.212161 0.258451 0.384292 3.22235e-13 3.09085e-16 0.999779 0.000220707 3
17 9964 5 152531117 155743532 6.62544 6.01586 12.3665 8.03195 26.0542 20.3694 0.126615 0.212161 0.258451 0.384292 5.53891e-07 1.21653e-08 0.994974 0.00502561 3
36 9936 22 35705614 39771883 6.92063 6.53856 11.983 9.55666 29.7623 21.0699 0.126615 0.212161 0.258451 0.384292 9.30073e-09 1.37709e-09 0.99975 0.000249507 3
37 9634 3 46456309 52678655 9.10858 8.43877 31.2551 26.9527 62.6475 58.1989 0.126615 0.212161 0.258451 0.384292 1.11969e-14 2.53949e-16 0.982907 0.0170935 3
39 9837 5 14198624 17667860 6.43546 3.79512 8.41811 -1.52347 11.4079 6.88532 0.126615 0.212161 0.258451 0.384292 0.0236741 1.90933e-06 0.960808 0.0155157 3
40 9995 6 31431970 32638363 7.31333 5.22846 17.6558 5.5838 27.1838 23.2345 0.126615 0.212161 0.258451 0.384292 3.46657e-05 3.32092e-10 0.972114 0.027851 3
41 9911 7 77472014 80584239 9.1795 10.2283 30.3749 40.2226 78.6196 70.23 0.126615 0.212161 0.258451 0.384292 5.46441e-22 1.73195e-17 0.999662 0.000337739 3
53 9826 18 33673621 37240976 8.59413 9.10398 25.5542 30.0461 62.7626 55.4596 0.126615 0.212161 0.258451 0.384292 3.39039e-17 5.07295e-15 0.999 0.0010004 3
55 9973 2 65728636 68864061 6.61965 8.10637 11.8964 22.7134 39.2767 34.5991 0.126615 0.212161 0.258451 0.384292 6.20878e-13 5.18748e-08 0.986359 0.0136405 3
61 9959 5 72793735 76035163 6.96841 5.69387 14.6617 6.41843 26.1517 21.064 0.126615 0.212161 0.258451 0.384292 4.96744e-06 2.18921e-09 0.9909 0.00909476 3
69 9981 12 112939118 116053820 5.86989 5.98336 4.85943 5.50249 19.524 7.26797 0.126615 0.212161 0.258451 0.384292 2.0959e-07 6.68082e-07 0.999992 7.07232e-06 3
71 9908 14 31249149 34179646 8.95666 7.9903 28.6393 20.4873 56.8784 48.859 0.126615 0.212161 0.258451 0.384292 2.66569e-13 1.28717e-16 0.999511 0.000489004 3
75 9859 18 41527221 44836357 7.17448 5.73861 13.2918 4.0427 26.5258 11.9828 0.126615 0.212161 0.258451 0.384292 8.76222e-07 1.41248e-10 0.999998 7.18306e-07 3
77 9944 2 132484411 134510726 6.63182 8.15215 11.3602 22.3879 40.4252 33.6649 0.126615 0.212161 0.258451 0.384292 1.16563e-13 1.20238e-08 0.99828 0.00172008 3
81 9975 3 22338890 25304837 8.08135 6.81631 22.9667 13.2776 41.0408 36.2321 0.126615 0.212161 0.258451 0.384292 6.84578e-09 7.10637e-13 0.988014 0.0119858 3
84 9990 6 146958779 150339910 5.80707 5.97267 4.77499 7.61241 19.3065 12.2807 0.126615 0.212161 0.258451 0.384292 2.39094e-07 6.83956e-06 0.998673 0.00131952 3
86 9879 8 88335888 91928005 9.67395 9.5427 36.2443 35.6397 78.0353 71.8354 0.126615 0.212161 0.258451 0.384292 3.46089e-19 3.16813e-19 0.996991 0.00300863 3
89 9893 10 53544648 56018906 7.71801 8.51069 19.8462 25.4964 51.3301 45.3015 0.126615 0.212161 0.258451 0.384292 1.03572e-14 4.93493e-12 0.996431 0.00356872 3
90 9863 11 2150393 4635862 6.98961 7.08022 11.8433 12.4819 33.4994 20.5108 0.126615 0.212161 0.258451 0.384292 1.92732e-10 6.11649e-10 0.999997 3.39945e-06 3
92 9747 13 24523105 27312958 9.02921 7.1659 28.0345 12.9628 50.1818 32.5362 0.126615 0.212161 0.258451 0.384292 1.17935e-10 5.62724e-17 1 3.22778e-08 3
97 9806 18 48065150 50748866 10.1557 9.04836 39.542 28.7453 75.6397 68.114 0.126615 0.212161 0.258451 0.384292 1.02973e-16 3.53148e-21 0.999199 0.000800874 3
105 9654 4 48977443 55009203 6.47456 5.62937 10.1608 5.41786 22.3855 15.4803 0.126615 0.212161 0.258451 0.384292 2.40069e-06 3.505e-08 0.998509 0.00148855 3
109 9956 8 109691459 114156136 9.30044 8.50036 33.1383 26.8095 65.4112 59.9238 0.126615 0.212161 0.258451 0.384292 4.6936e-15 1.40315e-17 0.993884 0.00611611 3
4 9573 13 36533589 39357508 7.47897 6.98586 17.8881 14.1262 38.252 31.9594 0.22399 0.214184 0.297094 0.244907 1.07833e-09 2.39634e-11 0.998477 0.00152268 3
6 9845 15 33526377 36814912 6.30508 7.52493 9.50773 17.5749 32.6641 27.0553 0.22399 0.214184 0.297094 0.244907 6.59697e-11 2.01103e-07 0.996987 0.00301242 3
8 9863 17 52581800 57696171 8.48098 8.11553 23.7584 21.1199 53.1191 44.393 0.22399 0.214184 0.297094 0.244907 1.33687e-13 9.13599e-15 0.999866 0.000133763 3
10 9953 19 1899089 4657266 8.10009 9.4124 20.215 31.8273 60.7677 51.0781 0.22399 0.214184 0.297094 0.244907 1.84279e-18 1.94617e-13 0.999949 5.10406e-05 3
16 9973 4 98528747 101935690 8.54051 8.23357 24.163 21.3496 54.0951 44.7465 0.22399 0.214184 0.297094 0.244907 7.55007e-14 4.33177e-15 0.999928 7.17847e-05 3
19 9890 7 117656302 121934604 6.10386 7.22039 8.55421 15.9685 29.9028 24.5005 0.22399 0.214184 0.297094 0.244907 4.0194e-10 6.37816e-07 0.996298 0.00370101 3
21 9800 9 67841188 70545037 7.2452 7.97196 13.7791 19.2638 42.1702 30.2447 0.22399 0.214184 0.297094 0.244907 3.5255e-13 8.12444e-11 0.999995 5.4569e-06 3
23 9754 10 10102317 12756604 8.29858 7.62311 23.0493 17.4276 47.0015 40.4045 0.22399 0.214184 0.297094 0.244907 2.98223e-11 1.03192e-13 0.998877 0.00112349 3
26 9734 13 108802360 111579207 8.43181 8.59766 23.0747 24.8448 56.4504 47.1841 0.22399 0.214184 0.297094 0.244907 2.41227e-15 1.35432e-14 0.999922 7.79381e-05 3
27 9800 14 85354749 88567724 7.35319 5.85084 14.7817 4.93608 28.8615 16.6241 0.22399 0.214184 0.297094 0.244907 5.78822e-07 2.93238e-11 0.999995 3.99475e-06 3
34 9960 20 1254103 4152554 5.65865 6.04634 4.10647 7.65447 18.7912 11.6405 0.22399 0.214184 0.297094 0.244907 3.159e-07 1.04951e-05 0.999343 0.000646104 3
38 9914 4 38551032 41675707 6.15888 5.63539 7.69707 4.84917 19.714 12.406 0.22399 0.214184 0.297094 0.244907 4.55204e-06 2.5231e-07 0.999443 0.000552149 3
44 9815 1 205954619 209274912 8.57614 8.55776 24.6352 23.9902 57.185 47.8671 0.22399 0.214184 0.297094 0.244907 5.50914e-15 2.7638e-15 0.999926 7.40164e-05 3
45 9908 10 25743913 28006078 8.58969 7.37917 27.4204 17.2794 49.9231 44.6809 0.22399 0.214184 0.297094 0.244907 1.26667e-10 4.77566e-15 0.995659 0.00434089 3
62 9892 6 116195231 119789644 9.02023 8.68827 27.8958 25.0338 62.0497 50.3572 0.22399 0.214184 0.297094 0.244907 1.10784e-15 6.05466e-17 0.999993 6.88819e-06 3
71 9913 14 31249149 34179646 8.43171 8.51768 24.113 24.856 56.7922 48.6788 0.22399 0.214184 0.297094 0.244907 4.83995e-15 9.72954e-15 0.999753 0.000246819 3
75 9867 18 41527221 44836357 6.27113 7.17047 7.25519 13.2764 29.715 16.2259 0.22399 0.214184 0.297094 0.244907 1.32795e-10 5.23259e-08 0.999999 1.14258e-06 3
76 9935 19 59640159 61853913 6.68893 6.88315 11.0443 12.1051 29.3646 23.0978 0.22399 0.214184 0.297094 0.244907 8.32248e-09 2.29875e-08 0.998438 0.00156228 3
79 9776 21 19471894 22071902 7.21193 6.3511 13.5979 7.87983 30.5504 19.2581 0.22399 0.214184 0.297094 0.244907 3.27307e-08 1.02842e-10 0.99999 1.02781e-05 3
80 9953 22 27513133 31180800 6.61229 6.64776 12.1424 10.6077 27.4332 22.7391 0.22399 0.214184 0.297094 0.244907 1.71137e-07 3.52687e-08 0.992514 0.00748548 3
91 9787 12 61391332 65202444 8.90455 11.0686 27.0038 48.5757 84.5005 74.1309 0.22399 0.214184 0.297094 0.244907 8.06879e-26 1.80272e-16 0.999974 2.58595e-05 3
99 9746 2 179096736 182276792 7.48793 7.09654 17.0123 14.0376 38.125 30.9206 0.22399 0.214184 0.297094 0.244907 5.1042e-10 2.49226e-11 0.999388 0.000612351 3
100 9942 20 37488842 41249232 6.26222 6.89298 9.26985 13.4382 29.0007 22.6521 0.22399 0.214184 0.297094 0.244907 2.03102e-09 1.25477e-07 0.99856 0.00143994 3
101 9936 21 43247921 46085555 7.61339 7.89243 16.2502 18.9615 39.4277 35.2048 0.22399 0.214184 0.297094 0.244907 6.40121e-11 9.21151e-10 0.988062 0.011938 3
102 9939 22 21294586 24228759 8.90818 7.05648 27.042 12.2808 48.527 26.6219 0.22399 0.214184 0.297094 0.244907 3.5197e-10 1.3073e-16 1 2.52843e-10 3
103 9948 22 31214878 33752431 9.53001 9.88351 32.8377 36.7699 76.978 69.4337 0.22399 0.214184 0.297094 0.244907 5.09661e-20 2.48633e-18 0.999564 0.000435991 3
105 9654 4 48977443 55009203 5.64595 5.3617 5.6661 4.17522 16.463 9.76031 0.22399 0.214184 0.297094 0.244907 1.54117e-05 3.3184e-06 0.99897 0.00101092 3
110 9781 9 73343131 77044651 8.41604 8.97634 23.7877 28.8175 59.8182 52.4559 0.22399 0.214184 0.297094 0.244907 1.69537e-16 2.47877e-14 0.999477 0.000522948 3
9 9873 18 41389970 44702873 8.98409 9.89162 27.7441 36.6086 71.364 64.2336 0.172058 0.133958 0.330784 0.341469 5.91423e-20 3.25845e-16 0.999174 0.000825573 3
10 9962 19 1899089 4657266 9.55988 9.55341 32.942 32.932 74.953 63.7515 0.172058 0.133958 0.330784 0.341469 2.95784e-19 2.28001e-19 0.999986 1.40952e-05 3
13 9893 21 36573183 39566105 7.19059 7.47783 14.2908 16.3049 38.357 30.3247 0.172058 0.133958 0.330784 0.341469 1.83721e-11 1.07193e-10 0.999665 0.000335177 3
16 9974 4 98528747 101935690 8.88258 9.65291 26.7059 33.8189 69.7002 57.0769 0.172058 0.133958 0.330784 0.341469 1.10648e-19 1.05773e-16 0.999997 3.40073e-06 3
24 9750 11 19510513 22379539 6.7052 8.13066 11.501 21.119 39.635 32.4988 0.172058 0.133958 0.330784 0.341469 3.14281e-13 3.67854e-09 0.999179 0.000820756 3
25 9785 12 71953637 75651373 8.45261 8.24686 26.3147 24.2945 56.0827 50.5846 0.172058 0.133958 0.330784 0.341469 6.1125e-14 6.31203e-15 0.995791 0.00420898 3
33 9797 2 17133104 20251444 9.54592 11.1396 32.7883 49.2349 91.1927 78.122 0.172058 0.133958 0.330784 0.341469 2.24616e-26 2.42895e-19 0.999998 2.17408e-06 3
37 9644 3 46456309 52678655 5.9243 7.42094 9.94544 19.5247 32.4564 29.4681 0.172058 0.133958 0.330784 0.341469 8.27426e-11 9.31627e-07 0.95057 0.0494292 3
38 9917 4 38551032 41675707 6.16046 6.81408 7.77791 12.1764 27.1434 19.811 0.172058 0.133958 0.330784 0.341469 2.02083e-09 1.27963e-07 0.999325 0.000674674 3
45 9903 10 25743913 28006078 8.33608 9.6177 24.5424 35.5145 66.0153 60.0171 0.172058 0.133958 0.330784 0.341469 5.05336e-19 2.29073e-14 0.997443 0.00255675 3
46 9738 11 58247279 61863825 6.32685 6.17742 7.506 6.67276 23.198 12.2929 0.172058 0.133958 0.330784 0.341469 7.96446e-08 2.69513e-08 0.999981 1.89557e-05 3
47 9892 12 119524757 123314550 7.79486 9.41144 18.3354 31.9475 57.7403 50.0904 0.172058 0.133958 0.330784 0.341469 4.005e-18 2.54426e-12 0.999509 0.000491229 3
53 9839 18 33673621 37240976 7.20298 7.77447 14.9149 18.7413 40.7093 33.5311 0.172058 0.133958 0.330784 0.341469 3.26159e-12 1.16544e-10 0.999213 0.000787091 3
55 9972 2 65728636 68864061 6.56636 7.08844 11.2653 15.0214 32.7288 26.2216 0.172058 0.133958 0.330784 0.341469 2.47736e-10 8.25119e-09 0.998461 0.00153857 3
60 9889 4 16539530 19714000 7.21386 6.40078 15.1721 9.89482 32.1452 24.9391 0.172058 0.133958 0.330784 0.341469 2.21043e-08 8.78812e-11 0.999234 0.000765496 3
73 9764 16 3355513 5935817 8.92643 7.1619 29.0789 14.7964 50.8909 43.7541 0.172058 0.133958 0.330784 0.341469 1.74955e-10 8.5391e-17 0.99918 0.000820313 3
75 9875 18 41527221 44836357 5.57817 4.32851 3.24919 -1.48734 9.50273 1.49663 0.172058 0.133958 0.330784 0.341469 0.000999225 6.82198e-06 0.998645 0.000343728 3
76 9930 19 59640159 61853913 6.59764 3.59918 9.99804 -1.76918 11.349 8.22658 0.172058 0.133958 0.330784 0.341469 0.114147 6.89158e-07 0.847321 0.0385305 3
81 9973 3 22338890 25304837 6.30304 7.79147 9.65779 19.581 35.2304 29.1979 0.172058 0.133958 0.330784 0.341469 4.06454e-12 6.45509e-08 0.997529 0.00247075 3
86 9885 8 88335888 91928005 7.84555 8.89212 20.2858 28.7604 55.3974 48.9865 0.172058 0.133958 0.330784 0.341469 2.92827e-16 1.09244e-12 0.998306 0.00169373 3
87 9834 9 13737703 16446284 9.24523 9.79424 30.9244 35.9371 74.1368 66.7027 0.172058 0.133958 0.330784 0.341469 8.89131e-20 1.04055e-17 0.999391 0.000609487 3
90 9857 11 2150393 4635862 4.91084 6.46133 1.10824 10.0052 17.5334 11.0491 0.172058 0.133958 0.330784 0.341469 3.81954e-08 0.000217368 0.998209 0.00157381 3
91 9782 12 61391332 65202444 10.3114 10.8215 40.365 45.7692 95.3014 82.2596 0.172058 0.133958 0.330784 0.341469 7.20316e-25 1.2469e-22 0.999998 2.23769e-06 3
96 9912 17 74840936 77740666 9.64212 9.86816 35.0849 36.7944 79.4483 71.6618 0.172058 0.133958 0.330784 0.341469 2.81296e-20 1.21027e-19 0.999571 0.000428531 3
99 9699 2 179096736 182276792 5.60985 6.75218 4.871 12.122 24.0023 16.8718 0.172058 0.133958 0.330784 0.341469 2.55359e-09 2.80228e-06 0.999172 0.000825499 3
100 9948 20 37488842 41249232 7.43551 6.24401 17.2579 8.63156 31.4794 25.8622 0.172058 0.133958 0.330784 0.341469 3.45291e-07 4.82054e-11 0.996262 0.0037381 3
101 9933 21 43247921 46085555 8.68336 7.50934 25.166 16.1434 49.2456 40.9788 0.172058 0.133958 0.330784 0.341469 1.8129e-11 1.70302e-15 0.999735 0.000265123 3
104 9928 3 29641436 32646393 8.4729 10.1313 23.1669 38.5764 70.9464 42.7616 0.172058 0.133958 0.330784 0.341469 9.24142e-22 3.54262e-15 1 5.93365e-13 3
105 9654 4 48977443 55009203 3.65846 4.74762 -1.53416 0.617585 3.04049 -0.922006 0.172058 0.133958 0.330784 0.341469 0.00503998 0.0337453 0.939814 0.0184485 3
106 9920 5 165203106 168801865 5.29586 6.00295 1.71258 5.66134 16.5353 4.15718 0.172058 0.133958 0.330784 0.341469 1.89973e-07 7.67206e-06 0.999988 4.34555e-06 3
107 9893 6 65412323 67772995 8.32841 7.21224 22.1716 15.6788 43.3116 37.8262 0.172058 0.133958 0.330784 0.341469 3.41409e-10 4.02503e-13 0.995737 0.00426273 3
108 9877 7 103325148 106538247 5.32348 3.70344 6.08988 -0.976878 8.45002 5.11015 0.172058 0.133958 0.330784 0.341469 0.0452282 3.00365e-05 0.921032 0.0336972 3
0 9978 1 3396903 5732682 8.86075 10.1689 26.4477 38.8828 74.5387 41.617 0.16955 0.141152 0.284888 0.385464 7.74442e-22 1.62129e-16 1 6.81682e-15 3
3 9978 12 108036186 112828201 8.22587 8.29009 22.488 23.5994 52.9105 45.9908 0.16955 0.141152 0.284888 0.385464 3.64526e-14 9.22108e-14 0.998665 0.00133519 3
5 9835 14 84613858 87574585 7.6856 10.1544 20.7631 41.3222 66.8694 62.0731 0.16955 0.141152 0.284888 0.385464 5.57348e-21 3.9372e-12 0.988947 0.0110533 3
9 9871 18 41389970 44702873 9.05662 8.34963 29.0195 23.0145 60.0936 51.6477 0.16955 0.141152 0.284888 0.385464 1.90209e-14 3.90539e-17 0.999709 0.000290524 3
11 9773 2 140347645 142858768 6.49979 7.60108 10.8742 18.1881 35.7162 28.9796 0.16955 0.141152 0.284888 0.385464 9.66521e-12 1.20772e-08 0.998397 0.00160313 3
12 9915 20 54284093 57298029 7.5238 7.87984 15.7188 18.4571 43.3774 25.9645 0.16955 0.141152 0.284888 0.385464 5.78948e-13 7.45134e-12 1 3.70658e-08 3
16 9978 4 98528747 101935690 10.6236 8.75968 44.4576 25.7611 78.5421 69.6863 0.16955 0.141152 0.284888 0.385464 9.37178e-16 5.92128e-24 0.999807 0.000192831 3
17 9963 5 152531117 155743532 6.33546 4.80572 9.63293 2.16931 17.4998 11.7719 0.16955 0.141152 0.284888 0.385464 0.000227032 1.08409e-07 0.995391 0.00438225 3
25 9807 12 71953637 75651373 10.49 8.07734 43.36 23.0829 71.957 66.4172 0.16955 0.141152 0.284888 0.385464 2.25307e-13 2.93041e-22 0.994714 0.00528551 3
29 9822 16 74751935 76798407 9.0079 6.91684 29.6018 13.0697 49.1016 42.6063 0.16955 0.141152 0.284888 0.385464 2.01873e-09 1.11088e-16 0.99796 0.00203957 3
38 9922 4 38551032 41675707 6.29169 7.6487 9.00511 18.227 34.2033 27.1185 0.16955 0.141152 0.284888 0.385464 6.77175e-12 5.70303e-08 0.998868 0.00113224 3
45 9918 10 25743913 28006078 8.6569 9.57124 27.2791 35.2792 67.8913 62.5372 0.16955 0.141152 0.284888 0.385464 1.36215e-18 3.38076e-15 0.993642 0.00635796 3
50 9807 15 27380335 31326242 8.93895 8.48932 28.615 23.7654 59.5321 52.241 0.16955 0.141152 0.284888 0.385464 2.22381e-14 1.44989e-16 0.999079 0.000921358 3
58 9941 22 44576744 47214129 7.43648 6.79326 15.903 12.1579 34.6611 27.9841 0.16955 0.141152 0.284888 0.385464 4.23973e-09 8.34207e-11 0.998299 0.00170128 3
63 9851 7 46527903 49253622 8.36569 8.59084 24.1223 25.058 55.6806 49.1103 0.16955 0.141152 0.284888 0.385464 1.16998e-14 2.48277e-14 0.998108 0.00189249 3
64 9973 8 79605730 83456325 8.31706 7.98606 22.5126 20.7784 49.074 43.2579 0.16955 0.141152 0.284888 0.385464 1.72741e-12 2.53878e-13 0.995985 0.00401464 3
75 9879 18 41527221 44836357 4.17905 3.79705 -1.53439 -1.43508 0.432198 -2.97252 0.16955 0.141152 0.284888 0.385464 0.0667335 0.0613567 0.801308 0.0360131 3
79 9769 21 19471894 22071902 5.71301 6.20541 3.99202 6.9234 20.07 7.47015 0.16955 0.141152 0.284888 0.385464 6.19518e-08 9.67218e-07 0.999994 4.56324e-06 3
84 9989 6 146958779 150339910 5.04085 5.2002 2.59914 3.07564 11.989 5.61789 0.16955 0.141152 0.284888 0.385464 4.96148e-05 6.65178e-05 0.997575 0.00230847 3
86 9885 8 88335888 91928005 6.85683 7.14624 13.0897 15.202 34.3985 28.2452 0.16955 0.141152 0.284888 0.385464 3.30436e-10 2.27404e-09 0.997131 0.0028689 3
98 9911 19 18794927 21475902 8.77963 8.89825 26.4845 28.8075 61.3528 55.2479 0.16955 0.141152 0.284888 0.385464 4.26781e-16 3.62632e-15 0.996989 0.00301055 3
101 9933 21 43247921 46085555 8.26725 8.50466 21.691 24.0964 53.1526 45.6141 0.16955 0.141152 0.284888 0.385464 1.29036e-14 1.19054e-13 0.99928 0.000719555 3
103 9954 22 31214878 33752431 9.23606 9.69329 30.55 35.3637 73.9168 65.5565 0.16955 0.141152 0.284888 0.385464 8.72057e-20 8.94345e-18 0.999684 0.000316495 3
104 9942 3 29641436 32646393 7.24597 5.61174 13.5893 3.11098 25.8898 12.488 0.16955 0.141152 0.284888 0.385464 2.70736e-06 6.34274e-11 0.999995 2.04621e-06 3
106 9931 5 165203106 168801865 5.01818 5.26638 0.495957 1.69819 11.0716 0.914598 0.16955 0.141152 0.284888 0.385464 1.51926e-05 4.20862e-05 0.999889 5.24965e-05 3
107 9900 6 65412323 67772995 8.59019 5.80829 24.3255 5.46583 37.7695 29.4424 0.16955 0.141152 0.284888 0.385464 8.6268e-07 4.62994e-15 0.999672 0.000327159 3
108 9892 7 103325148 106538247 6.71876 6.70281 13.871 13.9319 31.7976 27.7975 0.16955 0.141152 0.284888 0.385464 9.51887e-09 8.42181e-09 0.975821 0.0241787 3
0 9972 1 3396903 5732682 7.58609 8.30448 15.9862 21.6883 46.882 21.0407 0.11963 0.159773 0.266633 0.434927 1.71412e-14 6.85653e-12 1 9.76768e-12 3
1 9689 10 122297656 125147452 7.9558 8.29866 20.2913 23.2762 51.0839 43.3572 0.11963 0.159773 0.266633 0.434927 1.89919e-14 5.01826e-13 0.999281 0.000718654 3
11 9795 2 140347645 142858768 8.3331 7.95628 23.6902 20.9686 51.6019 44.5471 0.11963 0.159773 0.266633 0.434927 3.38411e-13 2.97256e-14 0.998594 0.00140618 3
17 9966 5 152531117 155743532 7.71402 6.21877 18.6814 9.08125 33.7585 27.7215 0.11963 0.159773 0.266633 0.434927 1.26574e-07 1.14477e-11 0.996118 0.00388139 3
29 9829 16 74751935 76798407 8.44484 8.99044 24.9716 30.1969 61.1916 55.1255 0.11963 0.159773 0.266633 0.434927 8.31993e-17 2.06588e-14 0.99623 0.00377044 3
37 9681 3 46456309 52678655 7.00697 6.95886 15.2041 15.9736 34.2129 31.1756 0.11963 0.159773 0.266633 0.434927 2.31104e-09 6.66289e-09 0.92744 0.0725602 3
40 9994 6 31431970 32638363 7.224 4.49418 17.4718 2.18955 23.3043 19.6575 0.11963 0.159773 0.266633 0.434927 0.00125971 3.88089e-10 0.957993 0.040747 3
43 9712 9 10648073 12885651 8.81508 8.00385 27.7257 21.3747 54.0854 49.0852 0.11963 0.159773 0.266633 0.434927 1.58229e-12 3.68765e-15 0.989131 0.0108688 3
50 9802 15 27380335 31326242 9.61131 8.90046 34.4511 27.7156 70.1181 61.8247 0.11963 0.159773 0.266633 0.434927 1.45132e-16 2.30282e-19 0.999592 0.000407896 3
53 9821 18 33673621 37240976 8.98225 8.52478 28.6718 24.4861 59.9432 53.0636 0.11963 0.159773 0.266633 0.434927 1.17545e-14 2.38809e-16 0.998325 0.00167486 3
56 9947 20 5894415 9015422 8.21021 8.33674 23.1937 24.8978 54.0056 48.0536 0.11963 0.159773 0.266633 0.434927 1.85635e-14 1.36271e-13 0.995776 0.00422428 3
60 9900 4 16539530 19714000 6.06438 5.99749 7.36753 7.11307 21.8054 14.3142 0.11963 0.159773 0.266633 0.434927 2.40574e-07 2.49117e-07 0.99909 0.000909357 3
61 9965 5 72793735 76035163 5.17405 4.58014 4.10036 1.8007 10.3787 5.89218 0.11963 0.159773 0.266633 0.434927 0.000825966 0.000110636 0.981043 0.0180185 3
62 9895 6 116195231 119789644 9.47575 10.2622 32.1647 39.8846 81.214 68.6822 0.11963 0.159773 0.266633 0.434927 2.23913e-22 6.7366e-19 0.999994 5.88831e-06 3
67 9928 10 131332366 133482769 6.1385 6.15253 8.39982 8.99308 21.719 17.3853 0.11963 0.159773 0.266633 0.434927 7.21608e-07 1.74428e-06 0.979047 0.0209509 3
68 9823 11 97860221 100289947 7.38165 8.03574 14.9942 19.8144 43.3554 34.0656 0.11963 0.159773 0.266633 0.434927 2.1614e-13 3.57915e-11 0.999849 0.000150634 3
76 9941 19 59640159 61853913 7.89434 6.30232 19.1017 8.20642 33.7248 27.2446 0.11963 0.159773 0.266633 0.434927 1.99576e-07 4.94321e-12 0.997505 0.00249513 3
79 9751 21 19471894 22071902 5.91114 6.7044 5.15823 10.0531 24.2835 12.9744 0.11963 0.159773 0.266633 0.434927 2.2177e-09 3.95715e-07 0.99998 1.99984e-05 3
80 9946 22 27513133 31180800 5.82169 4.65606 7.93083 2.33636 15.032 10.2553 0.11963 0.159773 0.266633 0.434927 0.000364602 1.81066e-06 0.986084 0.0135491 3
85 9866 7 48214395 51034141 7.43276 6.36967 19.0885 12.0056 35.203 31.0879 0.11963 0.159773 0.266633 0.434927 4.38616e-08 4.91665e-11 0.974063 0.0259371 3
90 9865 11 2150393 4635862 6.07253 7.63165 6.90125 16.4607 31.4356 22.9685 0.11963 0.159773 0.266633 0.434927 9.92332e-12 1.87901e-07 0.999657 0.000342882 3
98 9907 19 18794927 21475902 10.6654 8.45048 46.7802 24.6268 76.8922 71.3824 0.11963 0.159773 0.266633 0.434927 3.72924e-14 1.19165e-23 0.993442 0.00655789 3
99 9743 2 179096736 182276792 9.28977 6.85286 32.4281 12.5004 51.9584 44.8053 0.11963 0.159773 0.266633 0.434927 1.47738e-09 4.37164e-18 0.998725 0.00127465 3
101 9929 21 43247921 46085555 7.69076 6.12375 17.7136 7.00551 31.9684 24.5663 0.11963 0.159773 0.266633 0.434927 2.88895e-07 8.62841e-12 0.999006 0.000994046 3
102 9945 22 21294586 24228759 9.0721 6.24187 28.4333 6.79069 44.4253 29.5767 0.11963 0.159773 0.266633 0.434927 5.08973e-08 2.71082e-17 0.999999 5.8057e-07 3
106 9915 5 165203106 168801865 3.80631 3.94333 -1.89683 -1.68876 -0.0190915 -3.58917 0.11963 0.159773 0.266633 0.434927 0.0527763 0.086789 0.769139 0.0353218 3
1 9695 10 122297656 125147452 6.14775 6.35583 8.34325 8.79017 23.598 17.0649 0.16767 0.149509 0.355509 0.30849 1.11691e-07 1.55713e-07 0.998739 0.00126059 3
11 9789 2 140347645 142858768 8.96406 6.83737 29.2838 13.1752 49.0195 42.384 0.16767 0.149509 0.355509 0.30849 1.26472e-09 1.13854e-16 0.998862 0.00113803 3
13 9887 21 36573183 39566105 7.63129 8.55819 17.2396 24.2907 49.0809 41.3166 0.16767 0.149509 0.355509 0.30849 6.99732e-15 7.20064e-12 0.999632 0.00036832 3
14 9965 22 39436352 42845161 8.69641 9.01285 26.4022 29.2519 63.1218 55.4609 0.16767 0.149509 0.355509 0.30849 5.32473e-17 8.20538e-16 0.999592 0.000408418 3
15 9692 3 114807846 118657258 6.28577 6.57218 8.12831 11.4441 26.3086 19.4815 0.16767 0.149509 0.355509 0.30849 5.99239e-09 1.47173e-07 0.99906 0.000939712 3
19 9876 7 117656302 121934604 7.05306 7.50379 13.4238 16.6338 34.0049 30.0523 0.16767 0.149509 0.355509 0.30849 5.34756e-10 1.18163e-08 0.983608 0.0163922 3
28 9707 15 69007010 73520046 5.0946 6.39027 2.48743 9.87487 19.0344 12.2774 0.16767 0.149509 0.355509 0.30849 3.06837e-08 4.42024e-05 0.998948 0.00100793 3
29 9823 16 74751935 76798407 7.89487 8.72704 21.1925 27.4111 54.1756 48.5766 0.16767 0.149509 0.355509 0.30849 2.22765e-15 9.97163e-13 0.996798 0.00320154 3
32 9944 19 5208811 7876082 7.39667 6.49723 17.8464 11.5615 34.8083 29.3854 0.16767 0.149509 0.355509 0.30849 2.02062e-08 3.35914e-11 0.996184 0.00381588 3
33 9791 2 17133104 20251444 9.19329 9.42203 29.7195 31.8812 70.3313 60.6006 0.16767 0.149509 0.355509 0.30849 1.08666e-18 8.41645e-18 0.999948 5.15686e-05 3
42 9843 8 17527768 19613312 10.6466 9.29057 46.1162 32.9604 84.063 79.0616 0.16767 0.149509 0.355509 0.30849 1.55242e-17 2.6773e-23 0.994195 0.00580483 3
48 9801 13 102020900 104860677 6.58164 7.57273 11.6044 19.5385 36.4008 31.1231 0.16767 0.149509 0.355509 0.30849 7.99316e-12 1.98929e-08 0.99559 0.0044095 3
52 9902 17 21849058 25741844 8.73094 9.2499 28.3525 32.2173 66.0423 60.5455 0.16767 0.149509 0.355509 0.30849 2.01187e-17 8.55556e-16 0.996455 0.00354489 3
53 9830 18 33673621 37240976 8.1142 7.58831 21.7491 16.693 44.958 38.3709 0.16767 0.149509 0.355509 0.30849 3.92286e-11 2.22831e-13 0.998806 0.00119436 3
54 9946 19 50293421 53473822 8.85617 8.39129 27.2109 23.1887 58.5624 49.9646 0.16767 0.149509 0.355509 0.30849 1.14219e-14 1.82438e-16 0.99984 0.000160072 3
55 9970 2 65728636 68864061 7.0488 7.40481 14.8835 17.3663 37.8038 32.2235 0.16767 0.149509 0.355509 0.30849 5.22419e-11 5.57788e-10 0.996738 0.00326196 3
57 9755 21 21126615 23899366 4.55895 4.9637 -0.425844 0.453761 7.70926 -0.223365 0.16767 0.149509 0.355509 0.30849 0.000138115 0.000296797 0.99923 0.000311145 3
59 9926 3 5833261 8258690 9.65833 7.07761 35.9768 14.2751 57.2647 50.1332 0.16767 0.149509 0.355509 0.30849 2.6795e-10 8.98174e-20 0.999307 0.00069326 3
63 9831 7 46527903 49253622 8.60977 8.71065 26.2693 27.2661 60.5435 53.4161 0.16767 0.149509 0.355509 0.30849 6.14076e-16 1.48363e-15 0.999304 0.000696142 3
65 9963 9 94829879 98244001 8.46472 6.6192 24.3806 10.1634 42.2764 34.2839 0.16767 0.149509 0.355509 0.30849 7.96945e-09 4.75542e-15 0.999707 0.000293218 3
66 9763 1 97414551 101020183 7.99283 8.4727 20.3729 24.6033 52.3346 44.8009 0.16767 0.149509 0.355509 0.30849 6.20275e-15 3.80234e-13 0.999536 0.000463806 3
67 9924 10 131332366 133482769 6.35888 7.9356 8.99514 21.0078 34.5331 29.9936 0.16767 0.149509 0.355509 0.30849 3.78953e-12 5.56976e-07 0.990819 0.00918059 3
69 9982 12 112939118 116053820 4.88313 4.87196 -0.0772714 0.466086 8.5772 -0.058318 0.16767 0.149509 0.355509 0.30849 8.21963e-05 0.000126195 0.999628 0.000154124 3
70 9691 13 18378339 20733084 8.8217 8.57957 29.7639 26.5002 61.0118 56.2521 0.16767 0.149509 0.355509 0.30849 1.25773e-14 4.2893e-16 0.99262 0.00738002 3
72 9964 15 83747454 86724585 8.78673 9.06216 28.4846 31.1 64.5266 59.5704 0.16767 0.149509 0.355509 0.30849 1.04257e-16 1.27108e-15 0.993928 0.00607153 3
74 9889 17 61413289 64717569 5.33404 6.34644 3.21729 9.82829 19.8074 12.9541 0.16767 0.149509 0.355509 0.30849 2.93903e-08 1.94778e-05 0.999065 0.00091548 3
81 9972 3 22338890 25304837 7.48287 6.06244 18.0704 7.79721 30.6383 25.8557 0.16767 0.149509 0.355509 0.30849 1.63046e-06 5.02247e-11 0.992784 0.0072146 3
83 9937 5 171953232 174777607 6.80145 6.21696 10.8643 7.14031 26.5731 17.2503 0.16767 0.149509 0.355509 0.30849 7.10092e-08 1.52832e-09 0.999922 7.75367e-05 3
86 9883 8 88335888 91928005 8.26779 10.106 23.6403 40.595 70.5022 64.1805 0.16767 0.149509 0.355509 0.30849 2.09453e-21 4.3115e-14 0.998443 0.00155692 3
95 9850 16 7039332 8652472 8.06576 8.13056 22.6563 22.7441 51.0622 45.3708 0.16767 0.149509 0.355509 0.30849 2.16669e-13 2.10941e-13 0.99708 0.00291991 3
99 9738 2 179096736 182276792 8.98919 8.75123 29.4212 27.2754 64.0724 56.5175 0.16767 0.149509 0.355509 0.30849 4.21305e-16 4.3943e-17 0.999546 0.000454101 3
105 9654 4 48977443 55009203 5.93914 5.35224 7.24486 4.31282 18.175 11.4771 0.16767 0.149509 0.355509 0.30849 8.43837e-06 4.0096e-07 0.998922 0.0010692 3
108 9873 7 103325148 106538247 3.82205 4.55789 -1.3812 0.650177 0.596342 -0.731403 0.16767 0.149509 0.355509 0.30849 0.0369166 0.250986 0.565525 0.13008 3
109 9962 8 109691459 114156136 8.77712 9.25175 28.3894 31.539 65.023 59.9119 0.16767 0.149509 0.355509 0.30849 5.77529e-17 1.20126e-15 0.994795 0.00520487 3
110 9784 9 73343131 77044651 6.43233 6.34306 9.35112 9.08814 25.0608 18.3594 0.16767 0.149509 0.355509 0.30849 7.08818e-08 4.85889e-08 0.998934 0.00106552 3
