0 9981 1 3396903 5732682 3.60309 8.32733 -1.86037 21.8572 19.0284 19.9968 0.135851 0.138064 0.327348 0.37874 3.14422e-11 0.638179 0.0893998 0.272421 2
3 9975 12 108036186 112828201 2.88863 11.1329 -2.2134 49.7403 48.5438 47.5266 0.135851 0.138064 0.327348 0.37874 1.33409e-23 0.495922 0.355387 0.148691 2
8 9864 17 52581800 57696171 3.70478 7.41602 -1.85663 16.3165 13.2873 14.4598 0.135851 0.138064 0.327348 0.37874 8.16773e-09 0.648039 0.0742945 0.277667 2
19 9885 7 117656302 121934604 3.73256 6.40498 -1.6621 9.44242 6.42832 7.7803 0.135851 0.138064 0.327348 0.37874 9.04333e-06 0.610909 0.0711044 0.31797 2
21 9788 9 67841188 70545037 3.83068 5.99033 -0.718604 5.75244 3.23034 5.03382 0.135851 0.138064 0.327348 0.37874 0.000602026 0.395341 0.0752601 0.528615 2
22 9822 1 58832356 62447973 4.44182 7.87299 -0.843977 19.2811 15.8579 18.4371 0.135851 0.138064 0.327348 0.37874 7.93007e-10 0.443088 0.0342588 0.522653 2
29 9822 16 74751935 76798407 3.50178 8.97634 -1.9197 30.5536 27.7491 28.6338 0.135851 0.138064 0.327348 0.37874 5.02177e-15 0.646907 0.0928564 0.260236 2
30 9858 17 10500386 13502550 3.69436 6.57353 -1.7959 9.54823 6.90485 7.75228 0.135851 0.138064 0.327348 0.37874 7.17328e-06 0.615786 0.103837 0.280363 2
32 9944 19 5208811 7876082 3.58411 6.18583 -1.98662 7.70681 4.41763 5.72017 0.135851 0.138064 0.327348 0.37874 4.14392e-05 0.6827 0.0603511 0.256863 2
41 9914 7 77472014 80584239 3.53216 8.27748 -1.87594 22.4999 18.9934 20.624 0.135851 0.138064 0.327348 0.37874 1.71031e-11 0.670503 0.0476955 0.281801 2
42 9814 8 17527768 19613312 3.91105 10.4025 -1.84407 42.3069 39.9183 40.4627 0.135851 0.138064 0.327348 0.37874 3.98669e-20 0.605527 0.131749 0.262724 2
44 9812 1 205954619 209274912 3.24505 5.18527 -2.02956 1.2258 -1.20958 -0.80383 0.135851 0.138064 0.327348 0.37874 0.0230203 0.606615 0.125942 0.218634 2
47 9883 12 119524757 123314550 3.66642 8.81332 -1.66902 26.2573 23.5141 24.5883 0.135851 0.138064 0.327348 0.37874 4.38678e-13 0.598982 0.0914101 0.309608 2
50 9831 15 27380335 31326242 4.02451 6.96241 -1.89208 12.7353 9.35998 10.8431 0.135851 0.138064 0.327348 0.37874 2.92328e-07 0.669048 0.0542658 0.276686 2
61 9955 5 72793735 76035163 3.67531 3.98323 -1.95059 -0.850085 -2.88349 -2.80077 0.135851 0.138064 0.327348 0.37874 0.138328 0.422543 0.13113 0.164801 2
62 9891 6 116195231 119789644 3.761 6.96385 -1.19357 11.8476 12.3469 10.6535 0.135851 0.138064 0.327348 0.37874 3.72011e-07 0.174299 0.680837 0.144863 2
63 9835 7 46527903 49253622 3.71124 8.35997 -1.75175 23.2128 21.1062 21.4609 0.135851 0.138064 0.327348 0.37874 8.02532e-12 0.566802 0.163496 0.269702 2
80 9956 22 27513133 31180800 4.27403 8.20133 -1.33854 23.1834 20.5007 21.8448 0.135851 0.138064 0.327348 0.37874 1.17154e-11 0.531503 0.086169 0.382328 2
82 9808 4 8231995 10560584 3.43227 6.37678 -1.83553 9.23123 7.45406 7.3956 0.135851 0.138064 0.327348 0.37874 8.36115e-06 0.543899 0.218088 0.237997 2
86 9870 8 88335888 91928005 2.86921 7.84703 -2.12631 19.153 15.708 17.0267 0.135851 0.138064 0.327348 0.37874 4.02235e-10 0.712839 0.0539236 0.233237 2
91 9769 12 61391332 65202444 3.35008 9.20114 -1.84726 29.8261 26.6233 27.9788 0.135851 0.138064 0.327348 0.37874 1.12994e-14 0.65407 0.0630389 0.282891 2
93 9931 14 40003726 42939597 4.09615 6.85784 -0.0468979 13.2259 12.6969 13.179 0.135851 0.138064 0.327348 0.37874 3.37643e-07 0.19943 0.278588 0.521982 2
94 9957 15 86492235 89833911 3.6346 5.70086 -1.90899 6.67948 3.3785 4.77047 0.135851 0.138064 0.327348 0.37874 0.000122633 0.669188 0.058463 0.272105 2
95 9841 16 7039332 8652472 3.62073 8.21023 -1.58733 23.2383 19.7542 21.651 0.135851 0.138064 0.327348 0.37874 9.95832e-12 0.612128 0.0445288 0.343344 2
100 9939 20 37488842 41249232 3.89156 6.47587 -1.96681 10.1848 6.89762 8.21796 0.135851 0.138064 0.327348 0.37874 3.52854e-06 0.679181 0.0601606 0.260651 2
101 9943 21 43247921 46085555 3.43071 9.06313 -1.83513 28.72 25.4702 26.8848 0.135851 0.138064 0.327348 0.37874 3.455e-14 0.653707 0.0601101 0.286183 2
105 9654 4 48977443 55009203 3.42209 5.69391 -1.33676 5.74779 2.62403 4.41101 0.135851 0.138064 0.327348 0.37874 0.000451495 0.547583 0.0571147 0.394598 2
6 9857 15 33526377 36814912 3.98376 7.28946 -0.953019 15.0503 11.6236 14.0973 0.218309 0.191418 0.294695 0.274023 7.9849e-08 0.624225 0.0312252 0.34455 2
8 9861 17 52581800 57696171 3.89954 7.12048 -1.74765 14.2345 11.6694 12.4868 0.218309 0.191418 0.294695 0.274023 9.55302e-08 0.731124 0.0865773 0.182298 2
10 9959 19 1899089 4657266 4.17152 8.16171 -1.69566 21.3439 17.8421 19.6482 0.218309 0.191418 0.294695 0.274023 8.59382e-11 0.763907 0.0354517 0.200642 2
13 9880 21 36573183 39566105 3.55197 9.32448 -2.04525 31.8507 29.064 29.8054 0.218309 0.191418 0.294695 0.274023 1.69459e-15 0.781227 0.0741215 0.144651 2
14 9963 22 39436352 42845161 3.69736 8.19413 -2.12553 22.1712 18.6506 20.0456 0.218309 0.191418 0.294695 0.274023 2.63073e-11 0.822084 0.0374391 0.140477 2
16 9979 4 98528747 101935690 3.86953 9.96425 -1.5678 37.4127 34.569 35.8449 0.218309 0.191418 0.294695 0.274023 9.67495e-18 0.720415 0.0645593 0.215026 2
22 9816 1 58832356 62447973 3.82755 8.47792 -1.93097 24.6131 21.3344 22.6821 0.218309 0.191418 0.294695 0.274023 2.67216e-12 0.790149 0.0458335 0.164018 2
31 9812 18 48562900 51659407 3.18843 5.51816 -1.79358 2.99619 0.00159975 1.20258 0.218309 0.191418 0.294695 0.274023 0.0071279 0.751696 0.0579295 0.179016 2
36 9928 22 35705614 39771883 3.73706 10.0449 -1.64254 37.7266 35.1949 36.0841 0.218309 0.191418 0.294695 0.274023 6.50626e-18 0.714588 0.0874877 0.197924 2
37 9648 3 46456309 52678655 3.31607 4.38894 -2.01262 1.91794 -0.95072 -0.0947224 0.218309 0.191418 0.294695 0.274023 0.0169931 0.758932 0.0663362 0.145184 2
40 9998 6 31431970 32638363 3.20765 7.97945 -2.07785 22.3073 19.7072 20.2293 0.218309 0.191418 0.294695 0.274023 2.26459e-11 0.773065 0.0883884 0.138547 2
44 9815 1 205954619 209274912 3.24273 8.66409 -1.99288 25.0288 21.8959 23.0359 0.218309 0.191418 0.294695 0.274023 1.66178e-12 0.792253 0.0531646 0.154582 2
45 9912 10 25743913 28006078 3.02858 11.0397 -2.3287 50.0805 46.5403 47.7517 0.218309 0.191418 0.294695 0.274023 1.66989e-23 0.84451 0.0377149 0.117775 2
47 9877 12 119524757 123314550 3.88718 7.51534 -1.88025 18.2872 14.8838 16.4069 0.218309 0.191418 0.294695 0.274023 1.56606e-09 0.787659 0.0403325 0.172009 2
49 9921 14 62167530 65840963 3.35276 7.72211 -1.9947 17.6357 16.1915 15.6408 0.218309 0.191418 0.294695 0.274023 2.18351e-09 0.641871 0.233136 0.124994 2
52 9909 17 21849058 25741844 3.62718 10.6803 -1.97585 45.5083 41.9723 43.5324 0.218309 0.191418 0.294695 0.274023 2.18978e-21 0.8043 0.0360695 0.15963 2
54 9960 19 50293421 53473822 3.37835 8.2402 -1.93578 22.836 19.3782 20.9002 0.218309 0.191418 0.294695 0.274023 1.58546e-11 0.796764 0.0386373 0.164599 2
57 9752 21 21126615 23899366 3.60554 3.97153 -1.97041 -1.65038 -2.85619 -3.62101 0.218309 0.191418 0.294695 0.274023 0.269294 0.325179 0.149913 0.0648777 2
65 9967 9 94829879 98244001 3.46793 7.7254 -2.07653 18.0624 14.9751 15.9858 0.218309 0.191418 0.294695 0.274023 1.6371e-09 0.800188 0.0562106 0.143601 2
76 9935 19 59640159 61853913 3.65163 6.86078 -1.95048 11.5396 9.31847 9.58902 0.218309 0.191418 0.294695 0.274023 1.1522e-06 0.729616 0.121863 0.148519 2
82 9803 4 8231995 10560584 3.6586 5.6018 -2.01326 6.13369 3.21272 4.12038 0.218309 0.191418 0.294695 0.274023 0.000259121 0.784495 0.0650762 0.149978 2
90 9861 11 2150393 4635862 4.32189 6.56486 -1.39416 9.14806 6.84415 7.75386 0.218309 0.191418 0.294695 0.274023 1.99531e-05 0.662753 0.101898 0.235321 2
92 9748 13 24523105 27312958 3.28428 9.65881 -2.04656 33.8861 30.5448 31.8396 0.218309 0.191418 0.294695 0.274023 2.28299e-16 0.80684 0.0439587 0.149201 2
98 9887 19 18794927 21475902 3.7328 9.29932 -1.65726 32.5592 30.5562 30.9019 0.218309 0.191418 0.294695 0.274023 1.0632e-15 0.675383 0.140291 0.184326 2
100 9943 20 37488842 41249232 3.86198 6.21236 -1.75172 8.73236 5.75301 6.98061 0.218309 0.191418 0.294695 0.274023 2.40525e-05 0.753791 0.0589826 0.187189 2
101 9934 21 43247921 46085555 3.89244 9.605 -1.75869 33.78 30.3665 32.0213 0.218309 0.191418 0.294695 0.274023 3.23443e-16 0.77083 0.0390756 0.190094 2
103 9945 22 31214878 33752431 3.94335 8.83793 -1.44216 27.3633 23.9305 25.9212 0.218309 0.191418 0.294695 0.274023 2.5385e-13 0.720382 0.0358155 0.243803 2
104 9938 3 29641436 32646393 3.98109 8.71141 -1.6039 25.1778 22.3299 23.5738 0.218309 0.191418 0.294695 0.274023 1.93633e-12 0.726148 0.0648013 0.209051 2
105 9654 4 48977443 55009203 4.12766 5.9165 -1.17886 7.09855 4.40334 5.91967 0.218309 0.191418 0.294695 0.274023 0.000187676 0.647366 0.0673017 0.285085 2
5 9832 14 84613858 87574585 3.78548 8.08406 -1.79972 23.7943 20.5299 21.9945 0.22731 0.187399 0.29109 0.274922 7.14395e-12 0.768088 0.0456034 0.186308 2
14 9973 22 39436352 42845161 3.73145 10.1879 -1.91069 40.2255 37.325 38.3147 0.22731 0.187399 0.29109 0.274922 4.67274e-19 0.767749 0.0655869 0.166664 2
20 9841 8 139942007 142953220 3.43781 7.84228 -1.87441 18.3846 15.0305 16.5101 0.22731 0.187399 0.29109 0.274922 1.50831e-09 0.781627 0.0424239 0.175949 2
23 9757 10 10102317 12756604 3.42578 8.31796 -1.88262 23.2083 20.2838 21.3256 0.22731 0.187399 0.29109 0.274922 1.17717e-11 0.765311 0.0638243 0.170865 2
24 9760 11 19510513 22379539 3.48816 7.56328 -1.80321 17.359 14.4738 15.5558 0.22731 0.187399 0.29109 0.274922 4.34967e-09 0.752756 0.065292 0.181952 2
31 9809 18 48562900 51659407 2.98036 9.17839 -2.27045 30.4447 27.3212 28.1742 0.22731 0.187399 0.29109 0.274922 6.15923e-15 0.819782 0.0560308 0.124187 2
33 9804 2 17133104 20251444 3.43426 8.15292 -1.94254 21.0384 17.5686 19.0958 0.22731 0.187399 0.29109 0.274922 1.00802e-10 0.794518 0.0384106 0.167071 2
36 9925 22 35705614 39771883 4.03773 8.01769 -1.64243 20.1311 16.8127 18.4887 0.22731 0.187399 0.29109 0.274922 3.16647e-10 0.7462 0.0419687 0.211832 2
43 9710 9 10648073 12885651 3.61819 10.316 -1.45518 41.68 42.0828 40.2242 0.22731 0.187399 0.29109 0.274922 6.11349e-20 0.272784 0.633891 0.0933251 2
52 9906 17 21849058 25741844 3.24747 9.04736 -2.15435 30.9454 27.9362 28.7911 0.22731 0.187399 0.29109 0.274922 4.10211e-15 0.80208 0.0614561 0.136464 2
57 9772 21 21126615 23899366 3.65529 8.27965 -1.65623 22.0451 19.1202 20.3889 0.22731 0.187399 0.29109 0.274922 4.52769e-11 0.733488 0.0611441 0.205368 2
61 9963 5 72793735 76035163 3.46023 6.33411 -1.99217 11.2179 8.47071 9.22566 0.22731 0.187399 0.29109 0.274922 1.70987e-06 0.769421 0.0766202 0.153956 2
64 9982 8 79605730 83456325 3.50213 7.41762 -2.10035 16.9232 14.1573 14.8228 0.22731 0.187399 0.29109 0.274922 5.19692e-09 0.782894 0.0765173 0.140589 2
65 9956 9 94829879 98244001 3.98522 8.17657 -1.32016 20.7726 18.43 19.4524 0.22731 0.187399 0.29109 0.274922 2.00114e-10 0.648901 0.0968468 0.254252 2
67 9935 10 131332366 133482769 3.66074 7.2917 -1.80036 15.6813 12.3776 13.8809 0.22731 0.187399 0.29109 0.274922 2.38728e-08 0.769534 0.0439245 0.186541 2
68 9832 11 97860221 100289947 3.55374 6.94367 -1.8386 12.3467 9.50551 10.5081 0.22731 0.187399 0.29109 0.274922 6.32959e-07 0.755312 0.0684652 0.176222 2
69 9983 12 112939118 116053820 3.46162 7.07966 -1.68605 12.7197 9.69845 11.0336 0.22731 0.187399 0.29109 0.274922 4.98865e-07 0.742132 0.0561845 0.201683 2
73 9774 16 3355513 5935817 3.71691 7.26175 -1.94469 16.0453 12.6983 14.1006 0.22731 0.187399 0.29109 0.274922 1.47569e-08 0.790832 0.0432289 0.165939 2
78 9944 20 649321 3521062 4.18293 6.19574 -0.233795 9.6031 6.63389 9.3693 0.22731 0.187399 0.29109 0.274922 2.89266e-05 0.446226 0.0355883 0.518153 2
82 9801 4 8231995 10560584 3.39414 7.10659 -1.98717 15.3371 12.1964 13.3499 0.22731 0.187399 0.29109 0.274922 2.86278e-08 0.788467 0.0529724 0.15856 2
83 9931 5 171953232 174777607 3.67294 9.31113 -2.00086 30.6567 27.4461 28.6558 0.22731 0.187399 0.29109 0.274922 6.31152e-15 0.793012 0.0496823 0.157306 2
86 9884 8 88335888 91928005 3.12914 8.41171 -1.97437 23.4836 20.0473 21.5092 0.22731 0.187399 0.29109 0.274922 8.49952e-12 0.79765 0.0398744 0.162475 2
88 9794 1 218419835 221920821 3.89362 7.76069 -1.4874 19.7905 16.4311 18.3031 0.22731 0.187399 0.29109 0.274922 5.02785e-10 0.721775 0.0389674 0.239257 2
92 9755 13 24523105 27312958 3.8945 9.6307 -1.63902 33.5928 30.0771 31.9538 0.22731 0.187399 0.29109 0.274922 4.55698e-16 0.751299 0.0346925 0.214008 2
96 9928 17 74840936 77740666 3.71 6.37375 -1.84946 8.6814 5.40354 6.83192 0.22731 0.187399 0.29109 0.274922 2.51168e-05 0.775544 0.045427 0.17899 2
98 9916 19 18794927 21475902 3.52184 8.07098 -1.44826 22.5848 19.0441 21.1365 0.22731 0.187399 0.29109 0.274922 3.18785e-11 0.71955 0.0324073 0.248043 2
99 9720 2 179096736 182276792 4.08324 8.10499 -2.00345 21.9342 18.5699 19.9307 0.22731 0.187399 0.29109 0.274922 3.89425e-11 0.798989 0.0429284 0.158083 2
109 9947 8 109691459 114156136 3.4181 8.98372 -2.15594 30.2332 26.8553 28.0773 0.22731 0.187399 0.29109 0.274922 8.51213e-15 0.817751 0.0433377 0.138911 2
2 9836 11 33361577 36395663 3.52447 9.11347 -1.96736 31.0674 27.6063 29.1001 0.126122 0.272003 0.315818 0.266765 1.77778e-15 0.852093 0.0310584 0.116848 2
3 9975 12 108036186 112828201 4.0507 6.85282 -1.62124 11.0817 7.51724 9.46043 0.126122 0.272003 0.315818 0.266765 1.1499e-06 0.815182 0.0267979 0.158018 2
6 9855 15 33526377 36814912 3.4079 6.88426 -1.76479 12.1051 9.29172 10.3403 0.126122 0.272003 0.315818 0.266765 3.54845e-07 0.808022 0.0562939 0.135684 2
7 9916 16 11262224 13526211 3.69722 7.63792 -1.88749 17.947 14.5913 16.0595 0.126122 0.272003 0.315818 0.266765 9.48455e-10 0.841017 0.0340659 0.124917 2
13 9874 21 36573183 39566105 3.55364 8.4877 -1.48632 24.1694 20.9401 22.683 0.126122 0.272003 0.315818 0.266765 2.63657e-12 0.788762 0.0362547 0.174983 2
14 9966 22 39436352 42845161 3.63481 10.1453 -1.8481 39.0086 36.7464 37.1604 0.126122 0.272003 0.315818 0.266765 6.55778e-19 0.784075 0.094792 0.121134 2
15 9680 3 114807846 118657258 3.50152 6.37295 -1.64842 9.2984 6.06366 7.64996 0.126122 0.272003 0.315818 0.266765 6.61647e-06 0.810128 0.0370328 0.152827 2
16 9982 4 98528747 101935690 3.68715 8.67033 -1.90961 25.0919 22.3633 23.1823 0.126122 0.272003 0.315818 0.266765 7.12612e-13 0.818927 0.0621001 0.118973 2
26 9726 13 108802360 111579207 3.68949 8.30299 -1.84884 21.827 18.4106 19.9781 0.126122 0.272003 0.315818 0.266765 2.02993e-11 0.83857 0.0319672 0.129463 2
27 9816 14 85354749 88567724 3.43012 5.7601 -1.80571 4.57198 1.96056 2.76622 0.126122 0.272003 0.315818 0.266765 0.000631279 0.801304 0.0683182 0.129159 2
35 9906 21 38155037 40916110 4.64568 7.88601 -1.28634 20.1076 16.9236 18.8213 0.126122 0.272003 0.315818 0.266765 1.79752e-10 0.758123 0.0364594 0.205417 2
36 9936 22 35705614 39771883 4.14927 6.18032 -1.52154 7.73211 4.32469 6.21055 0.126122 0.272003 0.315818 0.266765 3.54455e-05 0.798273 0.0307039 0.170963 2
42 9828 8 17527768 19613312 3.86894 9.60882 -1.80337 34.9501 31.4311 33.1467 0.126122 0.272003 0.315818 0.266765 4.23321e-17 0.836142 0.0287644 0.135093 2
43 9721 9 10648073 12885651 3.93953 7.84403 -1.74414 18.8772 16.229 17.133 0.126122 0.272003 0.315818 0.266765 4.09567e-10 0.7977 0.0655563 0.136744 2
47 9883 12 119524757 123314550 4.14825 6.77453 -1.29119 11.2328 8.80223 9.9416 0.126122 0.272003 0.315818 0.266765 1.22976e-06 0.728968 0.0744701 0.19656 2
48 9808 13 102020900 104860677 3.3723 7.34085 -1.77639 16.4615 14.1282 14.6851 0.126122 0.272003 0.315818 0.266765 4.35381e-09 0.782119 0.0880647 0.129816 2
51 9839 16 34690477 48224167 3.96846 4.36786 -1.69362 0.0962062 -1.54273 -1.59752 0.126122 0.272003 0.315818 0.266765 0.0500318 0.646159 0.145687 0.116498 2
53 9821 18 33673621 37240976 3.32584 7.84794 -1.79242 18.9447 16.4987 17.1523 0.126122 0.272003 0.315818 0.266765 3.61799e-10 0.791178 0.0795893 0.129232 2
54 9946 19 50293421 53473822 3.88381 8.95423 -1.39479 28.1196 25.0235 26.7248 0.126122 0.272003 0.315818 0.266765 5.44267e-14 0.771834 0.0405285 0.187638 2
55 9967 2 65728636 68864061 3.08646 5.75409 -2.21836 6.48252 4.3171 4.26406 0.126122 0.272003 0.315818 0.266765 6.22351e-05 0.806423 0.107398 0.0860302 2
58 9941 22 44576744 47214129 3.58536 9.46152 -1.81819 32.3001 29.5462 30.4819 0.126122 0.272003 0.315818 0.266765 5.72546e-16 0.81095 0.0599568 0.129093 2
60 9898 4 16539530 19714000 3.7276 5.6184 -1.98722 4.58214 1.51581 2.59489 0.126122 0.272003 0.315818 0.266765 0.000546602 0.840403 0.0454633 0.112977 2
62 9896 6 116195231 119789644 3.20212 8.45016 -2.15388 22.9136 19.4902 20.7597 0.126122 0.272003 0.315818 0.266765 5.22664e-12 0.868322 0.0328664 0.0988117 2
66 9766 1 97414551 101020183 3.60476 9.11207 -1.29209 29.7387 26.2151 28.4466 0.126122 0.272003 0.315818 0.266765 1.18723e-14 0.767079 0.026267 0.206654 2
67 9938 10 131332366 133482769 3.605 6.0648 -1.84347 7.89506 5.02706 6.05155 0.126122 0.272003 0.315818 0.266765 2.23888e-05 0.818845 0.0540145 0.127096 2
68 9813 11 97860221 100289947 3.85207 10.1722 -1.72697 39.2161 35.7415 37.4891 0.126122 0.272003 0.315818 0.266765 6.33815e-19 0.826202 0.0297125 0.144086 2
72 9975 15 83747454 86724585 3.20331 8.29762 -2.23662 25.1705 22.2727 22.9339 0.126122 0.272003 0.315818 0.266765 4.9626e-13 0.855593 0.0547783 0.0896291 2
74 9887 17 61413289 64717569 3.36414 5.54347 -1.90543 5.03304 1.84925 3.12759 0.126122 0.272003 0.315818 0.266765 0.000376311 0.836887 0.0402557 0.122094 2
81 9970 3 22338890 25304837 3.55498 7.09815 -1.96013 15.8242 12.98 13.864 0.126122 0.272003 0.315818 0.266765 7.26695e-09 0.829409 0.0560302 0.114561 2
84 9984 6 146958779 150339910 3.34103 4.98043 -2.16926 1.62355 -1.25329 -0.545758 0.126122 0.272003 0.315818 0.266765 0.0086929 0.832034 0.0544013 0.093235 2
88 9804 1 218419835 221920821 3.50541 7.74095 -1.69906 19.7205 17.5509 18.0214 0.126122 0.272003 0.315818 0.266765 1.76156e-10 0.76223 0.101084 0.136686 2
89 9885 10 53544648 56018906 3.58924 9.56202 -2.15031 35.5404 33.4415 33.39 0.126122 0.272003 0.315818 0.266765 1.57826e-17 0.795837 0.113284 0.0908794 2
91 9777 12 61391332 65202444 3.82859 9.2193 -1.88372 30.5169 27.3038 28.6331 0.126122 0.272003 0.315818 0.266765 3.28967e-15 0.836258 0.0390631 0.124679 2
96 9928 17 74840936 77740666 3.64173 6.5844 -1.98195 10.1067 8.18775 8.12467 0.126122 0.272003 0.315818 0.266765 1.99703e-06 0.76597 0.130519 0.103507 2
98 9905 19 18794927 21475902 4.46594 8.64532 -1.19683 24.9227 21.4134 23.7258 0.126122 0.272003 0.315818 0.266765 1.57927e-12 0.751277 0.0260981 0.222625 2
100 9939 20 37488842 41249232 3.55894 5.14088 -1.55378 2.60635 -0.287593 1.05255 0.126122 0.272003 0.315818 0.266765 0.005635 0.778746 0.0500535 0.161489 2
106 9925 5 165203106 168801865 3.96396 4.58811 -1.64349 -0.60142 -1.59423 -2.2451 0.126122 0.272003 0.315818 0.266765 0.0855066 0.522813 0.224924 0.0990968 2
108 9894 7 103325148 106538247 3.54479 4.40893 -1.78803 1.40687 -0.852398 -0.381223 0.126122 0.272003 0.315818 0.266765 0.0143738 0.756616 0.0917389 0.124129 2
7 9917 16 11262224 13526211 3.36983 7.13097 -1.90813 14.792 11.6962 12.8838 0.126615 0.212161 0.258451 0.384292 2.51894e-08 0.755388 0.0416278 0.202984 2
9 9873 18 41389970 44702873 3.46128 8.12397 -2.09627 21.2299 17.7159 19.1336 0.126615 0.212161 0.258451 0.384292 3.51068e-11 0.79434 0.0288148 0.176845 2
12 9906 20 54284093 57298029 4.3076 7.95411 -1.17349 19.1241 16.0968 17.9506 0.126615 0.212161 0.258451 0.384292 5.64145e-10 0.617579 0.0364469 0.345974 2
20 9836 8 139942007 142953220 3.64726 6.67089 -1.68837 10.9737 9.23816 9.28519 0.126615 0.212161 0.258451 0.384292 1.22059e-06 0.645361 0.138611 0.216026 2
25 9801 12 71953637 75651373 3.67203 8.49321 -1.80939 26.3841 23.2415 24.5747 0.126615 0.212161 0.258451 0.384292 2.52035e-13 0.741186 0.0389766 0.219838 2
26 9734 13 108802360 111579207 3.58705 6.62511 -2.03225 10.1132 6.71687 8.08095 0.126615 0.212161 0.258451 0.384292 2.4804e-06 0.782374 0.0319233 0.185697 2
30 9849 17 10500386 13502550 3.76943 8.29959 -1.67792 22.3472 18.9583 20.6693 0.126615 0.212161 0.258451 0.384292 1.59275e-11 0.724959 0.0298007 0.24524 2
31 9794 18 48562900 51659407 3.66665 6.29476 -1.91183 8.26914 5.23224 6.35728 0.126615 0.212161 0.258451 0.384292 1.70475e-05 0.754023 0.0440741 0.201869 2
33 9786 2 17133104 20251444 3.53634 8.80313 -2.13026 26.1272 22.6954 23.9969 0.126615 0.212161 0.258451 0.384292 2.54248e-13 0.797084 0.0313912 0.171524 2
35 9918 21 38155037 40916110 4.13684 8.0816 -0.608713 20.4426 16.9032 19.8339 0.126615 0.212161 0.258451 0.384292 2.12717e-10 0.494852 0.0174994 0.487649 2
44 9812 1 205954619 209274912 3.50936 6.32961 -2.0145 7.70183 5.37742 5.68726 0.126615 0.212161 0.258451 0.384292 2.64398e-05 0.734833 0.087583 0.177528 2
45 9904 10 25743913 28006078 3.50776 8.47911 -1.62086 25.335 21.8042 23.7141 0.126615 0.212161 0.258451 0.384292 8.41053e-13 0.717455 0.0255918 0.256953 2
46 9734 11 58247279 61863825 3.83899 7.66104 -1.63545 17.6595 14.3771 16.024 0.126615 0.212161 0.258451 0.384292 1.78003e-09 0.714956 0.0326958 0.252348 2
47 9883 12 119524757 123314550 3.57598 7.8019 -1.78238 18.3271 15.0603 16.5447 0.126615 0.212161 0.258451 0.384292 8.15943e-10 0.7401 0.0343737 0.225526 2
48 9802 13 102020900 104860677 4.21268 6.81382 -1.46457 13.1935 10.045 11.7289 0.126615 0.212161 0.258451 0.384292 1.74697e-07 0.679805 0.0355395 0.284655 2
49 9926 14 62167530 65840963 3.55906 6.49028 -1.62115 10.7244 7.44274 9.10328 0.126615 0.212161 0.258451 0.384292 1.84879e-06 0.71235 0.0325972 0.25505 2
50 9813 15 27380335 31326242 4.46105 7.33938 -0.298934 15.3716 12.1154 15.0727 0.126615 0.212161 0.258451 0.384292 3.90615e-08 0.41837 0.0196388 0.561991 2
54 9950 19 50293421 53473822 3.60731 8.41975 -1.88884 24.4583 21.347 22.5694 0.126615 0.212161 0.258451 0.384292 1.62233e-12 0.752894 0.0408522 0.206254 2
58 9941 22 44576744 47214129 3.97878 8.28539 -1.66929 23.185 20.1893 21.5157 0.126615 0.212161 0.258451 0.384292 6.8384e-12 0.713203 0.0434443 0.243352 2
59 9915 3 5833261 8258690 3.56503 8.81748 -1.99097 27.5389 23.9819 25.5479 0.126615 0.212161 0.258451 0.384292 6.9703e-14 0.779967 0.0271042 0.192928 2
66 9781 1 97414551 101020183 3.33036 8.56267 -1.77061 25.0303 21.5589 23.2597 0.126615 0.212161 0.258451 0.384292 1.01674e-12 0.742839 0.0281185 0.229043 2
68 9836 11 97860221 100289947 3.29477 8.42033 -2.1129 23.0337 20.5786 20.9207 0.126615 0.212161 0.258451 0.384292 5.40843e-12 0.755548 0.079025 0.165427 2
73 9781 16 3355513 5935817 4.04634 8.99258 -1.50719 28.9358 26.637 27.4286 0.126615 0.212161 0.258451 0.384292 2.35367e-14 0.656371 0.0802624 0.263367 2
79 9763 21 19471894 22071902 3.4072 5.40521 -1.96226 2.74376 0.280484 0.781441 0.126615 0.212161 0.258451 0.384292 0.00394026 0.73031 0.0757583 0.185899 2
80 9953 22 27513133 31180800 3.38208 5.07675 -2.08007 3.82447 1.1853 1.74434 0.126615 0.212161 0.258451 0.384292 0.00123592 0.759421 0.0660723 0.171826 2
82 9801 4 8231995 10560584 3.7553 5.72418 -1.42089 6.51573 3.59959 5.09482 0.126615 0.212161 0.258451 0.384292 0.000141848 0.665017 0.0438615 0.290894 2
83 9928 5 171953232 174777607 3.87459 6.10535 -1.41882 6.27046 3.16838 4.85162 0.126615 0.212161 0.258451 0.384292 0.00018289 0.669554 0.0366674 0.293485 2
87 9829 9 13737703 16446284 3.69835 7.90905 -1.818 18.8158 15.6737 16.9978 0.126615 0.212161 0.258451 0.384292 4.84637e-10 0.742567 0.0390728 0.21836 2
88 9806 1 218419835 221920821 3.38123 7.44724 -1.73361 16.9525 13.5826 15.2189 0.126615 0.212161 0.258451 0.384292 3.36044e-09 0.734296 0.0307628 0.234942 2
93 9923 14 40003726 42939597 3.7879 8.55157 -1.94687 23.9971 20.7131 22.0502 0.126615 0.212161 0.258451 0.384292 2.47277e-12 0.766775 0.0350096 0.198216 2
94 9954 15 86492235 89833911 3.51114 6.39573 -2.03222 9.9542 9.02001 7.92168 0.126615 0.212161 0.258451 0.384292 2.16611e-06 0.582776 0.278932 0.138288 2
98 9912 19 18794927 21475902 3.71837 8.11682 -2.04611 22.3057 18.8987 20.2596 0.126615 0.212161 0.258451 0.384292 1.24344e-11 0.784652 0.0316748 0.183673 2
100 9952 20 37488842 41249232 4.29904 6.22744 -0.805719 9.16286 6.2039 8.35713 0.126615 0.212161 0.258451 0.384292 1.49316e-05 0.534058 0.0337473 0.432175 2
108 9864 7 103325148 106538247 3.31977 5.41336 -2.10363 4.57046 1.71483 2.46677 0.126615 0.212161 0.258451 0.384292 0.000583166 0.773564 0.0542035 0.170952 2
0 9977 1 3396903 5732682 3.32038 9.54996 -1.92106 32.7836 29.948 30.8625 0.22399 0.214184 0.297094 0.244907 7.09424e-16 0.800732 0.0651834 0.134085 2
2 9852 11 33361577 36395663 3.7095 7.60334 -1.34017 18.7807 15.4319 17.4405 0.22399 0.214184 0.297094 0.244907 1.41693e-09 0.741798 0.0361445 0.222058 2
7 9922 16 11262224 13526211 3.83754 9.49791 -1.7083 34.2626 31.1459 32.5543 0.22399 0.214184 0.297094 0.244907 1.96857e-16 0.788266 0.0484405 0.163294 2
9 9862 18 41389970 44702873 3.37714 9.70107 -2.04252 35.3466 31.8034 33.304 0.22399 0.214184 0.297094 0.244907 5.08851e-17 0.841454 0.0337558 0.12479 2
24 9781 11 19510513 22379539 3.3352 7.60998 -1.95788 17.8755 14.9814 15.9176 0.22399 0.214184 0.297094 0.244907 2.05652e-09 0.807643 0.0620035 0.130353 2
30 9844 17 10500386 13502550 3.765 8.96615 -1.96717 28.8026 25.3541 26.8354 0.22399 0.214184 0.297094 0.244907 3.76435e-14 0.830557 0.0366296 0.132814 2
31 9806 18 48562900 51659407 3.97494 7.96886 -1.53473 20.3316 18.0658 18.7969 0.22399 0.214184 0.297094 0.244907 2.3982e-10 0.719263 0.1035 0.177238 2
32 9940 19 5208811 7876082 3.82418 6.66831 -1.93137 12.1923 8.95274 10.2609 0.22399 0.214184 0.297094 0.244907 6.29847e-07 0.819613 0.0445457 0.135841 2
36 9925 22 35705614 39771883 3.72429 7.5165 -1.51123 15.7783 12.9736 14.267 0.22399 0.214184 0.297094 0.244907 2.42566e-08 0.74837 0.0628316 0.188799 2
39 9814 5 14198624 17667860 3.36667 5.00684 -2.01246 1.12713 -0.292542 -0.885509 0.22399 0.214184 0.297094 0.244907 0.0289632 0.639606 0.214517 0.0977342 2
43 9722 9 10648073 12885651 3.22451 8.08644 -2.13057 21.5979 18.2376 19.4673 0.22399 0.214184 0.297094 0.244907 4.3748e-11 0.844617 0.040682 0.114701 2
49 9920 14 62167530 65840963 3.76656 8.28069 -2.04141 23.6511 20.677 21.6096 0.22399 0.214184 0.297094 0.244907 5.95962e-12 0.820115 0.0581272 0.121758 2
50 9819 15 27380335 31326242 3.33079 10.1169 -1.88192 39.8218 36.4854 37.9398 0.22399 0.214184 0.297094 0.244907 6.60927e-19 0.817345 0.0403232 0.142331 2
53 9817 18 33673621 37240976 3.11792 8.85455 -2.18258 26.8099 23.3639 24.6273 0.22399 0.214184 0.297094 0.244907 2.28473e-13 0.852418 0.0376886 0.109894 2
55 9970 2 65728636 68864061 4.21726 8.88641 -0.648703 29.3336 26.4287 28.6849 0.22399 0.214184 0.297094 0.244907 5.95135e-14 0.597498 0.0453786 0.357123 2
56 9944 20 5894415 9015422 3.67647 9.50203 -1.93807 34.6374 31.3299 32.6993 0.22399 0.214184 0.297094 0.244907 1.12252e-16 0.822768 0.0417795 0.135452 2
57 9783 21 21126615 23899366 3.1791 6.11056 -1.97071 7.16361 4.10348 5.19287 0.22399 0.214184 0.297094 0.244907 9.21465e-05 0.816622 0.0531044 0.130123 2
66 9769 1 97414551 101020183 3.34317 9.43099 -1.92151 32.8052 29.7231 30.8836 0.22399 0.214184 0.297094 0.244907 7.04004e-16 0.81235 0.0516797 0.13597 2
70 9700 13 18378339 20733084 3.54464 7.30037 -1.96381 14.8795 12.5938 12.9156 0.22399 0.214184 0.297094 0.244907 3.89094e-08 0.768331 0.108398 0.12327 2
73 9761 16 3355513 5935817 3.643 7.62913 -1.99361 18.8672 15.8328 16.8736 0.22399 0.214184 0.297094 0.244907 7.45531e-10 0.818024 0.0545806 0.127395 2
81 9972 3 22338890 25304837 3.83178 6.18155 -1.59948 8.55797 5.34877 6.95847 0.22399 0.214184 0.297094 0.244907 3.15152e-05 0.776969 0.0435282 0.179458 2
82 9812 4 8231995 10560584 3.8968 6.90501 -1.79777 13.1977 10.6996 11.3999 0.22399 0.214184 0.297094 0.244907 2.46534e-07 0.767169 0.087512 0.145319 2
84 9986 6 146958779 150339910 3.6639 4.72151 -2.02632 0.998538 -1.87757 -1.02783 0.22399 0.214184 0.297094 0.244907 0.0386581 0.761164 0.0594988 0.114724 2
89 9891 10 53544648 56018906 3.62952 8.04065 -1.93207 22.5069 19.9585 20.5748 0.22399 0.214184 0.297094 0.244907 1.9977e-11 0.784869 0.0851445 0.129987 2
97 9791 18 48065150 50748866 2.90917 8.05567 -2.23969 20.6063 17.2529 18.3665 0.22399 0.214184 0.297094 0.244907 1.06977e-10 0.854506 0.0414466 0.104047 2
98 9916 19 18794927 21475902 3.41395 8.51376 -1.96722 25.7219 22.4885 23.7546 0.22399 0.214184 0.297094 0.244907 8.12444e-13 0.823328 0.0450221 0.13165 2
107 9899 6 65412323 67772995 3.12845 9.6366 -2.20031 33.9217 32.8636 31.7211 0.22399 0.214184 0.297094 0.244907 1.33521e-16 0.621857 0.299404 0.0787384 2
109 9962 8 109691459 114156136 3.7116 10.9061 -1.7088 49.4536 46.8104 47.7448 0.22399 0.214184 0.297094 0.244907 4.83115e-23 0.765864 0.0755643 0.158572 2
4 9584 13 36533589 39357508 3.98333 7.34748 -0.841468 16.6578 14.7452 15.8163 0.172058 0.133958 0.330784 0.341469 1.31018e-08 0.405921 0.14805 0.446029 2
8 9857 17 52581800 57696171 3.61175 7.35157 -2.03319 14.8544 13.694 12.8209 0.172058 0.133958 0.330784 0.341469 2.82341e-08 0.474508 0.367178 0.158314 2
11 9783 2 140347645 142858768 3.74003 7.80208 -1.77992 19.8685 16.5137 18.0886 0.172058 0.133958 0.330784 0.341469 3.35873e-10 0.659581 0.0568675 0.283552 2
14 9960 22 39436352 42845161 3.43814 9.14861 -1.84388 30.3948 27.3312 28.5509 0.172058 0.133958 0.330784 0.341469 8.43704e-15 0.658491 0.0759656 0.265543 2
15 9670 3 114807846 118657258 3.66137 5.19221 -1.66547 2.19681 -0.685811 0.531316 0.172058 0.133958 0.330784 0.341469 0.0162124 0.600491 0.0830187 0.28945 2
21 9800 9 67841188 70545037 3.31322 6.69306 -1.84923 10.9941 7.94461 9.14482 0.172058 0.133958 0.330784 0.341469 2.23677e-06 0.658711 0.0770729 0.264212 2
26 9736 13 108802360 111579207 3.52242 6.9542 -1.86234 11.9674 8.73547 10.1051 0.172058 0.133958 0.330784 0.341469 8.47899e-07 0.669624 0.0652802 0.265094 2
35 9919 21 38155037 40916110 3.60933 10.7906 -2.02452 45.4355 42.2239 43.4109 0.172058 0.133958 0.330784 0.341469 2.18723e-21 0.696326 0.0692826 0.234392 2
40 9996 6 31431970 32638363 3.26262 6.0106 -1.98063 9.3109 6.24477 7.33024 0.172058 0.133958 0.330784 0.341469 1.09265e-05 0.681747 0.0784506 0.239781 2
43 9732 9 10648073 12885651 4.44759 8.86901 -1.25067 27.8663 25.1984 26.6156 0.172058 0.133958 0.330784 0.341469 1.52881e-13 0.525988 0.0901398 0.383872 2
48 9805 13 102020900 104860677 3.86011 7.09889 -1.13468 15.1384 12.5139 14.0037 0.172058 0.133958 0.330784 0.341469 5.50407e-08 0.500365 0.0895496 0.410085 2
51 9834 16 34690477 48224167 3.62749 8.53899 -1.66258 27.2096 24.207 25.547 0.172058 0.133958 0.330784 0.341469 2.31156e-13 0.622652 0.0763491 0.300999 2
52 9899 17 21849058 25741844 3.90007 10.0095 -1.81974 40.5846 37.3615 38.7648 0.172058 0.133958 0.330784 0.341469 3.2609e-19 0.661606 0.0650743 0.27332 2
54 9950 19 50293421 53473822 3.36926 8.22863 -2.10887 21.905 18.4047 19.7961 0.172058 0.133958 0.330784 0.341469 3.45531e-11 0.722581 0.0538609 0.223558 2
56 9944 20 5894415 9015422 3.70357 9.92061 -1.86816 39.7586 36.4348 37.8904 0.172058 0.133958 0.330784 0.341469 7.23468e-19 0.674527 0.0599887 0.265485 2
82 9804 4 8231995 10560584 3.63675 7.36928 -1.93156 15.4646 13.7578 13.533 0.172058 0.133958 0.330784 0.341469 1.9687e-08 0.550237 0.246521 0.203242 2
83 9924 5 171953232 174777607 4.08481 7.36771 -1.69047 15.1998 12.3506 13.5093 0.172058 0.133958 0.330784 0.341469 3.67867e-08 0.619939 0.0886165 0.291445 2
85 9849 7 48214395 51034141 3.54669 9.8308 -1.67834 38.1664 35.9001 36.488 0.172058 0.133958 0.330784 0.341469 3.67973e-18 0.577405 0.147841 0.274754 2
88 9793 1 218419835 221920821 4.23892 8.49804 -1.15582 26.0996 26.5436 24.9433 0.172058 0.133958 0.330784 0.341469 3.30876e-13 0.176949 0.68113 0.14192 2
93 9921 14 40003726 42939597 3.69436 8.97378 -1.56403 28.7572 25.3732 27.1932 0.172058 0.133958 0.330784 0.341469 5.38995e-14 0.618343 0.0517778 0.329879 2
95 9831 16 7039332 8652472 3.63301 7.29768 -1.70472 17.0448 13.9143 15.34 0.172058 0.133958 0.330784 0.341469 5.88331e-09 0.636388 0.0686642 0.294948 2
97 9773 18 48065150 50748866 3.62898 9.75735 -1.84031 36.478 32.9267 34.6376 0.172058 0.133958 0.330784 0.341469 1.98766e-17 0.677715 0.0480116 0.274273 2
102 9936 22 21294586 24228759 3.47575 9.35238 -1.97105 30.9267 27.6338 28.9556 0.172058 0.133958 0.330784 0.341469 4.5812e-15 0.691168 0.0633945 0.245437 2
109 9956 8 109691459 114156136 3.8137 9.30585 -1.57328 32.5046 29.3307 30.9313 0.172058 0.133958 0.330784 0.341469 1.24792e-15 0.612784 0.0633131 0.323903 2
18 9965 6 167706049 170185644 3.78939 8.86904 -1.01678 27.3313 24.9643 26.3145 0.16955 0.141152 0.284888 0.385464 2.69358e-13 0.459319 0.0869251 0.453755 2
19 9873 7 117656302 121934604 3.47105 5.43285 -1.88879 5.54294 3.62009 3.65406 0.16955 0.141152 0.284888 0.385464 0.000416133 0.585032 0.172618 0.241627 2
26 9729 13 108802360 111579207 4.00118 7.10909 -1.61575 12.7883 9.74854 11.1725 0.16955 0.141152 0.284888 0.385464 4.06793e-07 0.610018 0.0589114 0.33107 2
27 9805 14 85354749 88567724 4.22666 4.62386 -1.13851 -0.55282 -2.39825 -1.69138 0.16955 0.141152 0.284888 0.385464 0.216035 0.323052 0.102992 0.282554 2
33 9798 2 17133104 20251444 3.26349 8.62713 -2.02835 24.5408 21.1859 22.5124 0.16955 0.141152 0.284888 0.385464 2.42969e-12 0.699443 0.0492888 0.251269 2
34 9956 20 1254103 4152554 4.31351 5.6943 -0.563557 3.78799 1.7007 3.22441 0.16955 0.141152 0.284888 0.385464 0.00548312 0.354214 0.0886663 0.55056 2
37 9677 3 46456309 52678655 4.08308 7.50251 -1.68803 19.2048 16.2649 17.5167 0.16955 0.141152 0.284888 0.385464 6.29105e-10 0.620505 0.0662157 0.313279 2
41 9914 7 77472014 80584239 3.77122 9.59756 -1.50537 34.4769 32.4169 32.9715 0.16955 0.141152 0.284888 0.385464 1.522e-16 0.536688 0.138058 0.325254 2
47 9882 12 119524757 123314550 4.39058 8.0941 0.294172 21.0892 18.5262 21.3834 0.16955 0.141152 0.284888 0.385464 2.31925e-10 0.207453 0.0322683 0.760279 2
53 9853 18 33673621 37240976 3.37397 7.22449 -1.95453 14.8653 12.173 12.9107 0.16955 0.141152 0.284888 0.385464 3.90882e-08 0.656404 0.0897278 0.253869 2
54 9949 19 50293421 53473822 4.56777 7.66155 -1.1048 16.9309 13.468 15.8261 0.16955 0.141152 0.284888 0.385464 8.97042e-09 0.508153 0.0321418 0.459706 2
55 9971 2 65728636 68864061 3.44364 8.04101 -2.20952 20.9606 17.5408 18.751 0.16955 0.141152 0.284888 0.385464 7.61376e-11 0.732199 0.048353 0.219448 2
57 9786 21 21126615 23899366 3.2098 7.36279 -2.19364 15.4136 13.5868 13.2199 0.16955 0.141152 0.284888 0.385464 1.66294e-08 0.613776 0.199346 0.186878 2
59 9931 3 5833261 8258690 3.83973 8.98129 -1.93608 29.5197 25.9918 27.5836 0.16955 0.141152 0.284888 0.385464 1.80385e-14 0.688119 0.0407841 0.271097 2
60 9892 4 16539530 19714000 3.80138 6.75054 -1.55907 10.787 8.92094 9.22783 0.16955 0.141152 0.284888 0.385464 2.76758e-06 0.530039 0.165533 0.304424 2
61 9963 5 72793735 76035163 3.40809 6.48559 -1.88577 9.52107 7.16932 7.63523 0.16955 0.141152 0.284888 0.385464 8.31416e-06 0.622491 0.119611 0.257883 2
62 9886 6 116195231 119789644 3.63369 8.54226 -1.29094 23.6882 20.773 22.3972 0.16955 0.141152 0.284888 0.385464 9.15613e-12 0.537522 0.0587959 0.403682 2
67 9932 10 131332366 133482769 4.26225 5.42415 -1.03748 5.14991 2.22033 4.11242 0.16955 0.141152 0.284888 0.385464 0.00118759 0.481065 0.0518668 0.465506 2
68 9842 11 97860221 100289947 3.68911 9.61189 -1.60365 34.167 30.7745 32.5633 0.16955 0.141152 0.284888 0.385464 2.167e-16 0.618353 0.0419647 0.339682 2
70 9711 13 18378339 20733084 3.25174 8.8677 -2.09758 27.0347 24.3965 24.9371 0.16955 0.141152 0.284888 0.385464 1.80925e-13 0.675911 0.0975233 0.226566 2
74 9871 17 61413289 64717569 3.67988 7.42408 -1.36446 17.1419 14.5278 15.7774 0.16955 0.141152 0.284888 0.385464 5.97404e-09 0.541837 0.0800888 0.378074 2
76 9934 19 59640159 61853913 3.71585 7.34763 -1.88875 14.7669 11.9863 12.8781 0.16955 0.141152 0.284888 0.385464 4.56191e-08 0.650113 0.0813556 0.268532 2
90 9871 11 2150393 4635862 3.53279 6.79569 -2.05134 10.5159 7.2172 8.46452 0.16955 0.141152 0.284888 0.385464 2.93583e-06 0.701448 0.0522858 0.246261 2
92 9737 13 24523105 27312958 3.8766 8.33907 -1.49492 22.005 19.2281 20.5101 0.16955 0.141152 0.284888 0.385464 4.30183e-11 0.575366 0.0722668 0.352367 2
94 9957 15 86492235 89833911 3.94237 7.35993 -1.8748 15.4883 12.3113 13.6134 0.16955 0.141152 0.284888 0.385464 2.3012e-08 0.665314 0.056012 0.278674 2
97 9797 18 48065150 50748866 3.47767 11.9817 -1.76554 59.9378 56.3945 58.1722 0.16955 0.141152 0.284888 0.385464 1.25535e-27 0.655483 0.0382583 0.306258 2
102 9938 22 21294586 24228759 3.28592 8.51148 -2.15212 23.4615 20.8615 21.3094 0.16955 0.141152 0.284888 0.385464 6.15486e-12 0.68152 0.10216 0.21632 2
110 9805 9 73343131 77044651 3.85548 6.85271 -0.825336 11.2919 8.09361 10.4666 0.16955 0.141152 0.284888 0.385464 2.88035e-06 0.438835 0.0361635 0.524997 2
6 9850 15 33526377 36814912 3.43207 7.81639 -2.04677 19.2198 15.8162 17.173 0.11963 0.159773 0.266633 0.434927 3.09069e-10 0.710706 0.039438 0.249856 2
7 9922 16 11262224 13526211 3.94476 7.56379 -1.55126 16.5041 13.1754 14.9528 0.11963 0.159773 0.266633 0.434927 6.59141e-09 0.610932 0.0365401 0.352528 2
13 9874 21 36573183 39566105 3.97999 8.80249 -1.80883 27.2638 23.8063 25.4549 0.11963 0.159773 0.266633 0.434927 1.18191e-13 0.667293 0.0350899 0.297617 2
16 9973 4 98528747 101935690 3.74056 7.48196 -1.62881 15.8256 12.2971 14.1968 0.11963 0.159773 0.266633 0.434927 1.24314e-08 0.63173 0.0309416 0.337328 2
18 9957 6 167706049 170185644 4.39085 8.07525 -1.00276 21.9618 19.9535 20.959 0.11963 0.159773 0.266633 0.434927 3.58168e-11 0.449923 0.10077 0.449307 2
21 9807 9 67841188 70545037 2.88839 6.5099 -2.07444 9.98191 7.57465 7.9074 0.11963 0.159773 0.266633 0.434927 2.91396e-06 0.670126 0.100718 0.22915 2
22 9823 1 58832356 62447973 3.62513 7.71068 -1.68042 17.1625 13.7109 15.4821 0.11963 0.159773 0.266633 0.434927 3.14655e-09 0.64102 0.0339061 0.325074 2
23 9731 10 10102317 12756604 4.03966 9.78619 -1.49183 36.0293 33.923 34.5374 0.11963 0.159773 0.266633 0.434927 2.0899e-17 0.55084 0.111857 0.337303 2
26 9749 13 108802360 111579207 3.62733 6.02163 -1.81904 5.71156 2.43887 3.8925 0.11963 0.159773 0.266633 0.434927 0.000266778 0.664221 0.0420159 0.293235 2
27 9804 14 85354749 88567724 3.73842 4.86458 -1.81565 -0.0355061 -2.00081 -1.85125 0.11963 0.159773 0.266633 0.434927 0.0655337 0.519084 0.121374 0.229924 2
35 9925 21 38155037 40916110 3.46957 7.7884 -1.71914 18.8574 16.0195 17.1382 0.11963 0.159773 0.266633 0.434927 5.46851e-10 0.630693 0.0616245 0.307682 2
38 9915 4 38551032 41675707 3.89368 6.35269 -2.08289 9.37796 6.29093 7.29503 0.11963 0.159773 0.266633 0.434927 5.57332e-06 0.706582 0.0538141 0.239591 2
44 9814 1 205954619 209274912 3.90247 6.50357 -1.40201 8.67823 5.89115 7.27619 0.11963 0.159773 0.266633 0.434927 1.76967e-05 0.564092 0.0579892 0.377889 2
48 9803 13 102020900 104860677 3.97578 7.18626 -1.58748 15.9192 13.5872 14.3317 0.11963 0.159773 0.266633 0.434927 1.08674e-08 0.581889 0.0942959 0.323815 2
52 9908 17 21849058 25741844 3.09528 7.62505 -1.85532 19.091 15.677 17.2357 0.11963 0.159773 0.266633 0.434927 4.04583e-10 0.675371 0.0370928 0.287536 2
58 9941 22 44576744 47214129 3.60398 8.30855 -1.72636 22.289 19.9632 20.5626 0.11963 0.159773 0.266633 0.434927 1.68968e-11 0.607025 0.098975 0.294 2
59 9927 3 5833261 8258690 3.85577 8.24469 -2.03643 21.8537 19.2149 19.8173 0.11963 0.159773 0.266633 0.434927 2.13967e-11 0.678228 0.0808612 0.240911 2
65 9956 9 94829879 98244001 3.67325 8.63053 -1.76441 25.2876 22.2171 23.5231 0.11963 0.159773 0.266633 0.434927 8.65458e-13 0.647798 0.0501613 0.30204 2
66 9758 1 97414551 101020183 4.277 7.58964 -0.653252 16.775 13.2352 16.1218 0.11963 0.159773 0.266633 0.434927 8.19458e-09 0.405697 0.0196466 0.574656 2
70 9698 13 18378339 20733084 3.23624 7.7915 -1.59087 19.0201 15.5958 17.4292 0.11963 0.159773 0.266633 0.434927 5.20648e-10 0.621512 0.0337812 0.344707 2
72 9966 15 83747454 86724585 3.72429 7.45533 -1.88363 17.6046 14.3248 15.721 0.11963 0.159773 0.266633 0.434927 1.74343e-09 0.677203 0.0425324 0.280265 2
74 9878 17 61413289 64717569 4.49725 6.17162 -0.139408 8.14127 5.58378 8.00186 0.11963 0.159773 0.266633 0.434927 5.42409e-05 0.285921 0.0369787 0.677036 2
77 9942 2 132484411 134510726 3.97012 9.10882 -1.81984 29.4348 26.267 27.6149 0.11963 0.159773 0.266633 0.434927 1.32206e-14 0.661651 0.0464829 0.291866 2
81 9974 3 22338890 25304837 3.24231 7.99591 -2.22396 22.3015 19.3029 20.0775 0.11963 0.159773 0.266633 0.434927 1.21316e-11 0.725864 0.0603918 0.213744 2
86 9877 8 88335888 91928005 3.32896 9.25059 -2.09763 31.1689 27.7636 29.0712 0.11963 0.159773 0.266633 0.434927 1.92312e-15 0.719669 0.0398704 0.240461 2
88 9792 1 218419835 221920821 3.96242 7.84323 -1.5062 20.4283 17.1785 18.922 0.11963 0.159773 0.266633 0.434927 1.33668e-10 0.599395 0.0387926 0.361812 2
92 9740 13 24523105 27312958 4.16286 9.96706 -1.23681 36.8876 33.5415 35.6508 0.11963 0.159773 0.266633 0.434927 1.12246e-17 0.540823 0.0317903 0.427387 2
103 9948 22 31214878 33752431 3.71591 8.59102 -1.64053 25.1648 21.7086 23.5243 0.11963 0.159773 0.266633 0.434927 1.08181e-12 0.632749 0.0333153 0.333935 2
3 9971 12 108036186 112828201 3.96335 10.0309 -1.50248 38.5223 35.1059 37.0198 0.16767 0.149509 0.355509 0.30849 3.02337e-18 0.650485 0.0507795 0.298735 2
8 9862 17 52581800 57696171 3.43208 8.04539 -2.07603 19.7743 16.4225 17.6983 0.16767 0.149509 0.355509 0.30849 2.70724e-10 0.745121 0.0620464 0.192833 2
18 9962 6 167706049 170185644 3.77058 7.83026 -2.2518 19.8084 16.2907 17.5565 0.16767 0.149509 0.355509 0.30849 2.28767e-10 0.776624 0.0547872 0.168589 2
25 9795 12 71953637 75651373 4.18078 8.99605 -1.84803 30.7688 27.2594 28.9208 0.16767 0.149509 0.355509 0.30849 5.48929e-15 0.716231 0.0509442 0.232824 2
35 9921 21 38155037 40916110 3.74132 9.48835 -1.87415 32.6908 29.2884 30.8167 0.16767 0.149509 0.355509 0.30849 7.82634e-16 0.71641 0.0567127 0.226878 2
36 9929 22 35705614 39771883 3.60163 8.66953 -1.91555 25.1012 21.795 23.1856 0.16767 0.149509 0.355509 0.30849 1.49019e-12 0.718903 0.0626624 0.218434 2
38 9910 4 38551032 41675707 4.4583 7.36847 -0.834076 15.6197 12.2906 14.7856 0.16767 0.149509 0.355509 0.30849 4.04633e-08 0.504733 0.0429969 0.45227 2
39 9815 5 14198624 17667860 3.95601 6.6884 -1.82849 9.97866 6.94913 8.15014 0.16767 0.149509 0.355509 0.30849 5.77709e-06 0.691354 0.0794645 0.229171 2
41 9930 7 77472014 80584239 3.97143 6.56396 -1.85179 9.54257 6.35737 7.69075 0.16767 0.149509 0.355509 0.30849 8.87787e-06 0.703116 0.0691665 0.227703 2
50 9809 15 27380335 31326242 3.55015 5.97762 -2.00502 7.54794 4.27588 5.5429 0.16767 0.149509 0.355509 0.30849 5.81901e-05 0.730902 0.0659179 0.203074 2
61 9965 5 72793735 76035163 3.57043 4.37521 -2.2229 0.742509 -1.47012 -1.48049 0.16767 0.149509 0.355509 0.30849 0.0360955 0.624489 0.16247 0.139529 2
68 9832 11 97860221 100289947 3.87116 8.73638 -0.93029 26.1477 22.9543 25.2174 0.16767 0.149509 0.355509 0.30849 1.02e-12 0.523168 0.0510454 0.425786 2
71 9894 14 31249149 34179646 3.42953 10.0303 -1.95036 38.8715 35.4323 36.9211 0.16767 0.149509 0.355509 0.30849 1.52908e-18 0.73006 0.0557046 0.214236 2
73 9781 16 3355513 5935817 3.42896 9.76112 -1.91645 36.2255 32.8303 34.3091 0.16767 0.149509 0.355509 0.30849 2.20806e-17 0.722906 0.0576411 0.219453 2
76 9939 19 59640159 61853913 3.63647 7.78676 -1.80706 18.5972 15.2967 16.7901 0.16767 0.149509 0.355509 0.30849 1.08169e-09 0.701106 0.0614555 0.237439 2
77 9946 2 132484411 134510726 3.5561 8.92632 -1.61255 29.2908 25.9042 27.6783 0.16767 0.149509 0.355509 0.30849 2.85045e-14 0.670327 0.0539119 0.275761 2
84 9989 6 146958779 150339910 4.02714 5.97433 -1.64729 7.77438 5.07696 6.12706 0.16767 0.149509 0.355509 0.30849 5.82812e-05 0.641976 0.102855 0.255077 2
87 9824 9 13737703 16446284 4.00351 9.61743 -1.64103 34.6105 31.9824 32.9695 0.16767 0.149509 0.355509 0.30849 1.28708e-16 0.636319 0.109268 0.254414 2
89 9884 10 53544648 56018906 4.06325 4.9951 -1.67843 2.21661 -0.00854809 0.538124 0.16767 0.149509 0.355509 0.30849 0.0135908 0.595736 0.15306 0.22944 2
91 9791 12 61391332 65202444 3.48717 7.92586 -1.7656 18.9137 15.3585 17.1481 0.16767 0.149509 0.355509 0.30849 8.24732e-10 0.703755 0.0478196 0.248426 2
96 9928 17 74840936 77740666 3.5867 6.39358 -2.00916 9.73031 7.00806 7.72109 0.16767 0.149509 0.355509 0.30849 6.23962e-06 0.697843 0.109064 0.193082 2
98 9895 19 18794927 21475902 4.61991 10.5472 -0.237533 45.2846 42.448 45.047 0.16767 0.149509 0.355509 0.30849 6.88429e-21 0.361469 0.0503887 0.588143 2
100 9943 20 37488842 41249232 3.61706 8.32316 -2.02159 23.802 20.5041 21.7804 0.16767 0.149509 0.355509 0.30849 5.02164e-12 0.734669 0.0645672 0.200764 2
101 9938 21 43247921 46085555 3.47867 7.43088 -1.95762 15.8884 12.4015 13.9308 0.16767 0.149509 0.355509 0.30849 1.46057e-08 0.733095 0.0533334 0.213572 2
104 9939 3 29641436 32646393 3.67236 10.2045 -1.98814 39.2704 36.0745 37.2822 0.16767 0.149509 0.355509 0.30849 9.80823e-19 0.724695 0.0705303 0.204775 2
