1 9700 10 122297656 125147452 7.96704 3.44743 21.2296 -1.96204 18.1421 19.2675 0.135851 0.138064 0.327348 0.37874 0.665865 5.73321e-11 0.0731905 0.260944 1
10 9961 19 1899089 4657266 7.3074 3.53063 14.3512 -2.05293 10.8604 12.2983 0.135851 0.138064 0.327348 0.37874 0.698678 5.33398e-08 0.0513055 0.250017 1
12 9913 20 54284093 57298029 6.94607 3.71588 11.5978 -1.87529 8.92617 9.72248 0.135851 0.138064 0.327348 0.37874 0.627354 8.97918e-07 0.104515 0.268129 1
18 9965 6 167706049 170185644 8.90496 3.69126 28.8686 -1.91124 25.4154 26.9573 0.135851 0.138064 0.327348 0.37874 0.671788 2.9292e-14 0.0512257 0.276986 1
24 9759 11 19510513 22379539 7.53938 3.9288 16.9576 -1.86125 13.8062 15.0963 0.135851 0.138064 0.327348 0.37874 0.650805 4.44151e-09 0.0671072 0.282087 1
26 9737 13 108802360 111579207 5.59408 4.26243 3.39885 -1.47546 0.543288 1.92337 0.135851 0.138064 0.327348 0.37874 0.559036 0.00434079 0.077487 0.356387 1
28 9692 15 69007010 73520046 6.24339 3.75135 9.16162 -1.36308 6.29648 7.79852 0.135851 0.138064 0.327348 0.37874 0.540349 1.47526e-05 0.0741828 0.385446 1
35 9932 21 38155037 40916110 7.85125 3.16159 18.1434 -2.18336 14.5955 15.96 0.135851 0.138064 0.327348 0.37874 0.722831 1.09213e-09 0.0501407 0.227029 1
36 9936 22 35705614 39771883 5.92856 3.94801 5.14344 -1.92334 1.76638 3.22008 0.135851 0.138064 0.327348 0.37874 0.670528 0.000581256 0.0551728 0.273141 1
38 9926 4 38551032 41675707 5.9066 4.25717 6.68871 -1.50405 3.55944 5.18464 0.135851 0.138064 0.327348 0.37874 0.579568 0.000162948 0.0610978 0.359065 1
39 9826 5 14198624 17667860 7.04277 4.00625 12.4833 -1.26379 13.5451 11.2184 0.135851 0.138064 0.327348 0.37874 0.114226 1.24312e-07 0.795879 0.0898946 1
51 9851 16 34690477 48224167 6.17835 3.45072 9.45951 -1.68133 6.65 7.77815 0.135851 0.138064 0.327348 0.37874 0.600942 8.86024e-06 0.0872219 0.31182 1
57 9775 21 21126615 23899366 4.99403 3.24982 0.600848 -2.03803 -1.68834 -1.43726 0.135851 0.138064 0.327348 0.37874 0.567948 0.041236 0.138699 0.206276 1
58 9941 22 44576744 47214129 9.09229 3.91134 29.732 -1.03222 26.9156 28.6998 0.135851 0.138064 0.327348 0.37874 0.467898 2.07218e-14 0.0674442 0.464657 1
74 9874 17 61413289 64717569 5.09899 3.7669 2.59975 -2.00086 -0.239081 0.598849 0.135851 0.138064 0.327348 0.37874 0.64975 0.00663352 0.0915805 0.244931 1
75 9872 18 41527221 44836357 5.19018 4.00538 1.04001 -1.43897 -1.49711 -0.398993 0.135851 0.138064 0.327348 0.37874 0.502766 0.042833 0.0958196 0.332425 1
81 9976 3 22338890 25304837 7.43608 3.7224 17.9157 -1.98344 15.1725 15.9322 0.135851 0.138064 0.327348 0.37874 0.649914 1.50582e-09 0.100789 0.249297 1
84 9987 6 146958779 150339910 6.38157 4.28985 9.43977 -1.85319 6.20427 7.58656 0.135851 0.138064 0.327348 0.37874 0.652837 8.26712e-06 0.061886 0.285261 1
88 9780 1 218419835 221920821 6.95447 3.28739 14.2166 -1.9595 11.0135 12.257 0.135851 0.138064 0.327348 0.37874 0.670778 6.43318e-08 0.0656833 0.263539 1
89 9893 10 53544648 56018906 9.23659 3.59142 30.7129 -1.72433 28.4029 28.9885 0.135851 0.138064 0.327348 0.37874 0.575968 4.78748e-15 0.137757 0.286275 1
98 9908 19 18794927 21475902 8.36821 3.41546 24.1319 -2.21347 20.6099 21.9184 0.135851 0.138064 0.327348 0.37874 0.726769 2.67167e-12 0.0517363 0.221495 1
102 9933 22 21294586 24228759 6.9261 3.78835 11.246 -1.94365 7.94354 9.30236 0.135851 0.138064 0.327348 0.37874 0.672126 1.2772e-06 0.0595855 0.268286 1
103 9940 22 31214878 33752431 9.88677 3.81928 36.3542 -1.68728 34.4128 34.6668 0.135851 0.138064 0.327348 0.37874 0.537175 1.64416e-17 0.185758 0.277067 1
104 9933 3 29641436 32646393 9.84883 3.15955 35.7683 -2.07783 32.5034 33.6904 0.135851 0.138064 0.327348 0.37874 0.693918 2.58215e-17 0.0638775 0.242205 1
110 9784 9 73343131 77044651 8.99401 3.75314 29.0194 -1.94902 25.6253 27.0703 0.135851 0.138064 0.327348 0.37874 0.676627 2.44325e-14 0.0547336 0.268639 1
3 9974 12 108036186 112828201 9.42656 3.2262 33.9913 -2.02927 30.4701 31.962 0.218309 0.191418 0.294695 0.274023 0.829961 1.65353e-16 0.0331212 0.136918 1
4 9576 13 36533589 39357508 8.89928 3.76628 29.0072 -1.84223 25.7208 27.1649 0.218309 0.191418 0.294695 0.274023 0.800402 2.80853e-14 0.0403983 0.159199 1
5 9834 14 84613858 87574585 7.34986 3.54439 17.8357 -1.50273 14.6343 16.333 0.218309 0.191418 0.294695 0.274023 0.749483 2.62474e-09 0.0411817 0.209335 1
15 9706 3 114807846 118657258 5.70931 3.86139 4.99139 -1.03892 2.0054 3.95245 0.218309 0.191418 0.294695 0.274023 0.660038 0.0013917 0.0449853 0.293142 1
17 9971 5 152531117 155743532 6.20848 3.61105 9.62702 -1.85217 6.73305 7.77482 0.218309 0.191418 0.294695 0.274023 0.786367 7.13159e-06 0.058761 0.15486 1
18 9962 6 167706049 170185644 9.42762 4.10811 33.1825 -1.70919 29.907 31.4733 0.218309 0.191418 0.294695 0.274023 0.782334 4.8196e-16 0.0399173 0.177748 1
20 9857 8 139942007 142953220 7.49128 4.11973 15.5063 -0.884116 16.0052 14.6218 0.218309 0.191418 0.294695 0.274023 0.267286 1.78487e-08 0.594182 0.138532 1
21 9795 9 67841188 70545037 7.3383 3.45174 16.2845 -1.86756 13.0886 14.4169 0.218309 0.191418 0.294695 0.274023 0.800528 9.18237e-09 0.0442305 0.155241 1
23 9739 10 10102317 12756604 9.48616 3.6807 34.1858 -1.69817 30.7285 32.4876 0.218309 0.191418 0.294695 0.274023 0.785999 1.79528e-16 0.0334401 0.180561 1
25 9797 12 71953637 75651373 7.72824 3.2229 19.3214 -2.03854 17.5963 17.2827 0.218309 0.191418 0.294695 0.274023 0.712289 3.30432e-10 0.171303 0.116408 1
27 9815 14 85354749 88567724 7.23286 3.58745 13.7131 -1.99068 10.5095 11.7223 0.218309 0.191418 0.294695 0.274023 0.815471 1.0821e-07 0.04471 0.139819 1
35 9928 21 38155037 40916110 9.87608 3.33885 36.923 -1.67334 35.2797 35.2495 0.218309 0.191418 0.294695 0.274023 0.668233 1.01317e-17 0.174414 0.157353 1
39 9838 5 14198624 17667860 6.36826 3.98311 7.74982 -1.45829 4.50226 6.29152 0.218309 0.191418 0.294695 0.274023 0.743716 6.53561e-05 0.0390219 0.217165 1
46 9737 11 58247279 61863825 5.57471 3.44297 3.62174 -2.10681 0.411622 1.51489 0.218309 0.191418 0.294695 0.274023 0.82466 0.00235129 0.04492 0.125892 1
48 9809 13 102020900 104860677 6.65805 3.56742 12.0622 -1.76673 8.867 10.2954 0.218309 0.191418 0.294695 0.274023 0.787531 6.81346e-07 0.043544 0.168924 1
50 9822 15 27380335 31326242 8.56044 3.69703 24.9451 -1.72583 21.5495 23.2193 0.218309 0.191418 0.294695 0.274023 0.788208 1.80508e-12 0.0356637 0.176128 1
53 9848 18 33673621 37240976 8.22025 4.2067 22.063 -1.11154 18.6807 20.9514 0.218309 0.191418 0.294695 0.274023 0.685458 5.17989e-11 0.0314331 0.283109 1
56 9939 20 5894415 9015422 8.05668 3.57929 22.8822 -1.8952 19.5257 20.987 0.218309 0.191418 0.294695 0.274023 0.809264 1.23112e-11 0.0380772 0.152659 1
64 9980 8 79605730 83456325 5.92915 3.21998 6.60932 -1.92849 3.81253 4.68079 0.218309 0.191418 0.294695 0.274023 0.790442 0.000135787 0.0650939 0.144223 1
67 9938 10 131332366 133482769 7.62141 3.50531 19.1983 -1.96995 16.3418 17.2283 0.218309 0.191418 0.294695 0.274023 0.798323 4.48581e-10 0.0619317 0.139745 1
71 9907 14 31249149 34179646 8.99395 3.27833 28.8416 -1.94 26.4303 26.9015 0.218309 0.191418 0.294695 0.274023 0.768374 2.88541e-14 0.093037 0.138589 1
73 9770 16 3355513 5935817 8.95732 3.48375 29.5164 -1.95778 25.9948 27.5586 0.218309 0.191418 0.294695 0.274023 0.821634 1.54355e-14 0.0327766 0.14559 1
75 9859 18 41527221 44836357 3.79089 4.05738 -1.88041 -1.62234 -2.90676 -3.50294 0.218309 0.191418 0.294695 0.274023 0.284595 0.323009 0.137655 0.070516 1
80 9956 22 27513133 31180800 4.91397 4.03655 2.55763 -1.1501 -0.0404412 1.40751 0.218309 0.191418 0.294695 0.274023 0.654873 0.0140872 0.0657857 0.260244 1
87 9832 9 13737703 16446284 9.11864 3.5444 29.5459 -1.92066 26.6363 27.6252 0.218309 0.191418 0.294695 0.274023 0.795255 1.50539e-14 0.0585021 0.146242 1
93 9929 14 40003726 42939597 8.9339 3.12157 30.0192 -1.81026 26.5244 28.2089 0.218309 0.191418 0.294695 0.274023 0.802349 1.05662e-14 0.0328782 0.164773 1
94 9958 15 86492235 89833911 7.67193 3.74636 19.8889 -1.71494 16.936 18.1739 0.218309 0.191418 0.294695 0.274023 0.7714 2.80384e-10 0.0543421 0.174258 1
97 9793 18 48065150 50748866 9.10039 3.18778 29.5569 -2.05375 26.0535 27.5032 0.218309 0.191418 0.294695 0.274023 0.832222 1.36398e-14 0.0338067 0.133971 1
106 9924 5 165203106 168801865 5.09868 3.69569 0.74628 -1.80769 -1.35664 -1.06149 0.218309 0.191418 0.294695 0.274023 0.673081 0.0458987 0.110939 0.138573 1
108 9889 7 103325148 106538247 7.24664 3.34277 16.3863 -1.8375 13.7113 14.5488 0.218309 0.191418 0.294695 0.274023 0.773482 8.25757e-09 0.0719464 0.154571 1
109 9955 8 109691459 114156136 10.7857 3.5555 46.6419 -2.16947 43.1495 44.4724 0.218309 0.191418 0.294695 0.274023 0.844264 4.68687e-22 0.0346773 0.121058 1
0 9978 1 3396903 5732682 8.23456 3.32158 21.1059 -2.03684 17.988 19.069 0.22731 0.187399 0.29109 0.274922 0.823435 6.03986e-11 0.0466617 0.129903 1
1 9706 10 122297656 125147452 8.08787 4.61032 20.9402 -0.536109 17.8419 20.404 0.22731 0.187399 0.29109 0.274922 0.566462 2.19936e-10 0.0327367 0.400801 1
6 9843 15 33526377 36814912 7.21361 3.96145 14.9595 -1.69621 11.7285 13.2632 0.22731 0.187399 0.29109 0.274922 0.785923 3.78492e-08 0.039774 0.174303 1
7 9923 16 11262224 13526211 8.16022 3.74217 22.318 -1.86023 18.8599 20.4577 0.22731 0.187399 0.29109 0.274922 0.813962 2.11981e-11 0.032823 0.153215 1
8 9840 17 52581800 57696171 8.01992 4.15732 19.7343 -1.64916 16.5237 18.0851 0.22731 0.187399 0.29109 0.274922 0.778745 3.31762e-10 0.0402226 0.181033 1
10 9962 19 1899089 4657266 9.91691 4.28555 36.7231 -1.37321 35.9606 35.3497 0.22731 0.187399 0.29109 0.274922 0.525297 1.23464e-17 0.31381 0.160894 1
11 9780 2 140347645 142858768 11.1587 3.48964 51.4259 -1.91452 48.0519 49.5114 0.22731 0.187399 0.29109 0.274922 0.818232 4.60864e-24 0.0358895 0.145879 1
12 9903 20 54284093 57298029 8.13044 3.59757 20.5118 -1.8465 17.3375 18.6653 0.22731 0.187399 0.29109 0.274922 0.803605 1.29151e-10 0.0430412 0.153354 1
15 9692 3 114807846 118657258 7.34467 3.7896 14.786 -1.69224 11.4352 13.0937 0.22731 0.187399 0.29109 0.274922 0.788918 4.53706e-08 0.035418 0.175664 1
16 9968 4 98528747 101935690 8.33277 3.96116 22.2071 -1.87763 18.6595 20.3294 0.22731 0.187399 0.29109 0.274922 0.818426 2.34028e-11 0.030177 0.151397 1
19 9884 7 117656302 121934604 7.96647 3.30852 21.2802 -2.16701 18.45 19.1131 0.22731 0.187399 0.29109 0.274922 0.823684 4.45575e-11 0.0622362 0.11408 1
22 9819 1 58832356 62447973 9.68074 3.71012 35.6342 -2.04464 33.1324 33.5895 0.22731 0.187399 0.29109 0.274922 0.792734 2.82857e-17 0.083182 0.124084 1
25 9805 12 71953637 75651373 6.84005 3.21331 13.8976 -2.06088 11.3809 11.8366 0.22731 0.187399 0.29109 0.274922 0.795304 7.69152e-08 0.0822147 0.122481 1
28 9692 15 69007010 73520046 4.07734 3.8147 -1.04227 -1.72846 -2.66291 -2.77085 0.22731 0.187399 0.29109 0.274922 0.470901 0.195466 0.119263 0.101114 1
34 9958 20 1254103 4152554 5.24988 4.31676 1.46545 -1.14458 -1.52625 0.320856 0.22731 0.187399 0.29109 0.274922 0.653795 0.0396338 0.042031 0.251733 1
35 9921 21 38155037 40916110 7.40658 3.57809 15.0761 -1.82569 11.7095 13.2504 0.22731 0.187399 0.29109 0.274922 0.807078 3.03889e-08 0.0356656 0.157257 1
42 9817 8 17527768 19613312 10.937 3.61529 48.3174 -1.8545 45.9197 46.4629 0.22731 0.187399 0.29109 0.274922 0.76585 1.02541e-22 0.0891695 0.144981 1
54 9953 19 50293421 53473822 8.87917 3.4043 27.1079 -2.03552 23.6068 25.0723 0.22731 0.187399 0.29109 0.274922 0.835704 1.51842e-13 0.0322824 0.132013 1
56 9948 20 5894415 9015422 8.74548 3.50148 28.9697 -2.06316 25.8701 26.9065 0.22731 0.187399 0.29109 0.274922 0.825511 2.26708e-14 0.0476426 0.126847 1
58 9941 22 44576744 47214129 8.5441 3.6894 25.5693 -1.79764 22.7604 23.7716 0.22731 0.187399 0.29109 0.274922 0.782734 8.40372e-13 0.0604167 0.156849 1
62 9892 6 116195231 119789644 9.93311 3.3578 36.6716 -2.02667 36.0787 34.6445 0.22731 0.187399 0.29109 0.274922 0.535579 6.89527e-18 0.379099 0.085322 1
63 9831 7 46527903 49253622 9.10091 4.05015 30.8054 -2.01032 27.7432 28.7951 0.22731 0.187399 0.29109 0.274922 0.818394 3.77931e-15 0.0490284 0.132577 1
66 9760 1 97414551 101020183 7.81806 3.51502 18.8549 -1.93783 15.8036 16.917 0.22731 0.187399 0.29109 0.274922 0.809882 6.22909e-10 0.0490557 0.141062 1
71 9902 14 31249149 34179646 10.4793 3.74208 43.4078 -1.66704 39.9699 41.7408 0.22731 0.187399 0.29109 0.274922 0.787715 1.72487e-20 0.0324125 0.179873 1
74 9891 17 61413289 64717569 5.26577 3.46038 3.33868 -1.77942 0.487953 1.55923 0.22731 0.187399 0.29109 0.274922 0.777581 0.00383826 0.0575574 0.158683 1
76 9937 19 59640159 61853913 7.34317 4.16774 15.6693 -1.33015 15.3373 14.3389 0.22731 0.187399 0.29109 0.274922 0.446709 1.52551e-08 0.41046 0.142831 1
77 9944 2 132484411 134510726 8.83475 3.63539 28.1989 -1.6973 24.7674 26.5016 0.22731 0.187399 0.29109 0.274922 0.791795 6.77633e-14 0.0327888 0.175416 1
79 9768 21 19471894 22071902 5.76978 4.38575 5.40775 -0.114935 2.84579 5.29281 0.22731 0.187399 0.29109 0.274922 0.458588 0.00151043 0.0453094 0.494418 1
81 9977 3 22338890 25304837 6.89266 4.03974 14.3797 -1.58026 12.1662 12.7994 0.22731 0.187399 0.29109 0.274922 0.719926 6.95236e-08 0.100782 0.179291 1
84 9990 6 146958779 150339910 5.63184 3.6462 5.8258 -2.02036 3.26694 3.80538 0.22731 0.187399 0.29109 0.274922 0.793616 0.000255986 0.0786539 0.127276 1
85 9864 7 48214395 51034141 8.60061 3.31576 26.8522 -2.0108 23.3473 24.8414 0.22731 0.187399 0.29109 0.274922 0.833054 2.00341e-13 0.0320577 0.134888 1
91 9797 12 61391332 65202444 8.62939 3.47246 24.5741 -1.67599 22.2669 22.8981 0.22731 0.187399 0.29109 0.274922 0.738677 2.42281e-12 0.0941569 0.167166 1
93 9924 14 40003726 42939597 8.64237 3.13395 26.6309 -2.03926 24.89 24.5915 0.22731 0.187399 0.29109 0.274922 0.723629 2.1104e-13 0.162501 0.11387 1
100 9951 20 37488842 41249232 7.12404 3.76349 15.2855 -1.56918 12.1869 13.7163 0.22731 0.187399 0.29109 0.274922 0.763595 3.01391e-08 0.0441133 0.192292 1
105 9656 4 48977633 55009203 7.48734 4.08686 17.1285 -0.838851 14.0563 16.2896 0.22731 0.187399 0.29109 0.274922 0.632092 8.20017e-09 0.0374938 0.330414 1
4 9567 13 36533589 39357508 7.93214 4.06171 21.0048 -1.54427 18.3323 19.4605 0.126122 0.272003 0.315818 0.266765 0.615585 2.13856e-10 0.106479 0.277936 1
5 9831 14 84613858 87574585 7.59151 3.98476 19.4303 -1.52077 16.2998 17.9095 0.126122 0.272003 0.315818 0.266765 0.636271 1.09269e-09 0.0696204 0.294108 1
20 9845 8 139942007 142953220 8.28953 3.55527 22.4927 -1.76957 19.4313 20.7231 0.126122 0.272003 0.315818 0.266765 0.676742 4.23886e-11 0.0793465 0.243911 1
24 9771 11 19510513 22379539 8.80854 3.70698 27.3044 -1.92907 25.1748 25.3752 0.126122 0.272003 0.315818 0.266765 0.623062 2.70634e-13 0.185491 0.191447 1
25 9793 12 71953637 75651373 7.56474 3.96104 17.6194 -1.65025 14.2744 15.9692 0.126122 0.272003 0.315818 0.266765 0.669171 6.17437e-09 0.0590787 0.27175 1
33 9791 2 17133104 20251444 12.2938 2.84341 62.7434 -2.27246 60.0081 60.4709 0.126122 0.272003 0.315818 0.266765 0.72442 9.07295e-29 0.117681 0.1579 1
37 9630 3 46456309 52678655 5.29212 3.3751 5.86099 -1.50306 3.46231 4.35789 0.126122 0.272003 0.315818 0.266765 0.588322 0.000803944 0.133821 0.276797 1
38 9918 4 38551032 41675707 12.0273 3.17111 61.0297 -1.7558 57.6692 59.2738 0.126122 0.272003 0.315818 0.266765 0.688535 8.02286e-28 0.0598606 0.251605 1
44 9814 1 205954619 209274912 5.93936 4.49102 5.46375 -0.53349 2.30164 4.93025 0.126122 0.272003 0.315818 0.266765 0.425052 0.00227853 0.045061 0.527333 1
49 9912 14 62167530 65840963 8.26629 3.64647 23.6193 -1.61919 20.2633 22.0001 0.126122 0.272003 0.315818 0.266765 0.663906 1.56653e-11 0.0579744 0.278119 1
52 9903 17 21849058 25741844 8.34631 3.22977 25.115 -2.2062 21.5539 22.9088 0.126122 0.272003 0.315818 0.266765 0.766844 2.25445e-12 0.0545508 0.178605 1
56 9942 20 5894415 9015422 12.3381 3.74936 66.2617 -1.67746 64.5292 64.5842 0.126122 0.272003 0.315818 0.266765 0.544075 3.66296e-30 0.240922 0.215003 1
59 9932 3 5833261 8258690 8.38721 4.07134 24.3685 -1.64988 21.0271 22.7186 0.126122 0.272003 0.315818 0.266765 0.668955 7.23691e-12 0.0592803 0.271765 1
73 9772 16 3355513 5935817 10.9461 3.47613 48.9413 -1.94726 46.1224 46.994 0.126122 0.272003 0.315818 0.266765 0.689097 1.17884e-22 0.102974 0.207928 1
78 9949 20 649321 3521062 8.11897 3.94528 21.9018 -1.2789 19.1215 20.6229 0.126122 0.272003 0.315818 0.266765 0.57339 1.05922e-10 0.0890467 0.337564 1
93 9919 14 40003726 42939597 9.49322 3.43584 34.5618 -1.91264 31.4114 32.6491 0.126122 0.272003 0.315818 0.266765 0.704409 2.19256e-16 0.0755519 0.220039 1
94 9960 15 86492235 89833911 7.17771 3.48387 15.6969 -1.93555 12.6001 13.7614 0.126122 0.272003 0.315818 0.266765 0.704986 3.34405e-08 0.0797825 0.215232 1
97 9784 18 48065150 50748866 8.30535 3.91463 23.1774 -1.99631 19.8846 21.181 0.126122 0.272003 0.315818 0.266765 0.724465 1.82397e-11 0.0673939 0.208141 1
101 9939 21 43247921 46085555 8.58228 3.28843 24.1333 -1.93862 21.0395 22.1946 0.126122 0.272003 0.315818 0.266765 0.705282 7.23194e-12 0.0800575 0.214661 1
107 9897 6 65412323 67772995 7.64335 3.24118 16.5937 -2.17237 14.8314 14.4211 0.126122 0.272003 0.315818 0.266765 0.598548 9.13894e-09 0.257266 0.144186 1
110 9783 9 73343131 77044651 9.0368 3.80561 29.2125 -1.73815 27.0229 27.4742 0.126122 0.272003 0.315818 0.266765 0.605225 4.72083e-14 0.169684 0.22509 1
14 9958 22 39436352 42845161 9.88742 3.31112 36.7437 -2.20204 33.1895 34.5416 0.126615 0.212161 0.258451 0.384292 0.717361 1.46557e-17 0.0418871 0.240751 1
18 9961 6 167706049 170185644 8.43873 3.12939 25.5229 -2.34394 22.1766 23.1789 0.126615 0.212161 0.258451 0.384292 0.733625 9.71096e-13 0.0527371 0.213638 1
22 9811 1 58832356 62447973 8.2347 3.51148 22.5599 -1.90685 19.0369 20.653 0.126615 0.212161 0.258451 0.384292 0.661771 2.62499e-11 0.0398662 0.298363 1
23 9741 10 10102317 12756604 8.15635 3.44892 21.5491 -2.05548 18.6805 19.4936 0.126615 0.212161 0.258451 0.384292 0.664687 6.24383e-11 0.0770322 0.258281 1
27 9802 14 85354749 88567724 7.94103 3.29532 19.032 -2.08458 15.7923 16.9473 0.126615 0.212161 0.258451 0.384292 0.686151 7.75893e-10 0.0548724 0.258977 1
32 9941 19 5208811 7876082 6.58516 3.74926 11.5809 -1.94749 10.1833 9.6332 0.126615 0.212161 0.258451 0.384292 0.51615 1.15256e-06 0.260444 0.223405 1
38 9912 4 38551032 41675707 6.73346 4.36836 10.7494 -0.9137 7.44177 9.8357 0.126615 0.212161 0.258451 0.384292 0.436315 6.29155e-06 0.032599 0.531079 1
43 9711 9 10648073 12885651 9.82504 3.40363 36.3083 -1.79631 33.2795 34.5119 0.126615 0.212161 0.258451 0.384292 0.624107 2.95691e-17 0.0616281 0.314265 1
51 9834 16 34690477 48224167 4.78178 3.65699 1.9276 -1.99597 -0.87627 -0.0684186 0.126615 0.212161 0.258451 0.384292 0.628767 0.0208299 0.0777461 0.259303 1
52 9902 17 21849058 25741844 10.2196 3.55976 42.7388 -2.11025 39.434 40.6285 0.126615 0.212161 0.258451 0.384292 0.693099 3.86612e-20 0.05193 0.254971 1
56 9943 20 5894415 9015422 9.52028 3.81116 35.4497 -1.51999 33.0467 33.9297 0.126615 0.212161 0.258451 0.384292 0.541006 7.97331e-17 0.099876 0.359118 1
57 9768 21 21126615 23899366 7.25599 4.21352 14.9124 -1.23738 15.0481 13.6746 0.126615 0.212161 0.258451 0.384292 0.237065 3.84845e-08 0.554254 0.208681 1
60 9892 4 16539530 19714000 6.84389 3.65469 12.3687 -2.15572 9.3083 10.2129 0.126615 0.212161 0.258451 0.384292 0.690995 5.69894e-07 0.06611 0.242894 1
62 9891 6 116195231 119789644 8.17972 3.8011 20.7347 -1.83415 17.3674 18.9005 0.126615 0.212161 0.258451 0.384292 0.642987 1.70166e-10 0.045261 0.311752 1
63 9833 7 46527903 49253622 10.3684 3.31959 41.2283 -2.00619 37.7186 39.2221 0.126615 0.212161 0.258451 0.384292 0.680613 1.90802e-19 0.041549 0.277838 1
65 9964 9 94829879 98244001 7.73388 3.95872 17.7017 -1.7292 14.7163 15.9725 0.126615 0.212161 0.258451 0.384292 0.609155 3.7168e-09 0.0628168 0.328029 1
70 9697 13 18378339 20733084 9.50029 3.88303 34.5481 -1.5693 31.0176 32.9788 0.126615 0.212161 0.258451 0.384292 0.591132 2.04305e-16 0.035343 0.373525 1
74 9881 17 61413289 64717569 4.7492 3.47751 1.10616 -1.9438 -1.56584 -0.837688 0.126615 0.212161 0.258451 0.384292 0.587125 0.0465943 0.0828308 0.255097 1
85 9879 7 48214395 51034141 10.1783 3.90062 42.1793 -1.46331 39.4561 40.716 0.126615 0.212161 0.258451 0.384292 0.544499 1.01489e-19 0.0729806 0.382521 1
95 9841 16 7039332 8652472 8.33827 3.72429 24.2115 -1.81047 21.6035 22.401 0.126615 0.212161 0.258451 0.384292 0.607214 5.08543e-12 0.0913295 0.301456 1
101 9935 21 43247921 46085555 8.17528 3.44471 21.5275 -2.03219 18.1944 19.4953 0.126615 0.212161 0.258451 0.384292 0.680005 6.68118e-11 0.0495314 0.270463 1
102 9930 22 21294586 24228759 6.70417 3.86913 9.72697 -1.65229 7.11738 8.07465 0.126615 0.212161 0.258451 0.384292 0.577456 1.10599e-05 0.0867124 0.335816 1
103 9948 22 31214878 33752431 8.87458 3.82761 27.6059 -1.60042 24.6298 26.0055 0.126615 0.212161 0.258451 0.384292 0.582549 2.02e-13 0.0606341 0.356817 1
1 9713 10 122297656 125147452 9.0155 3.74583 29.5637 -1.87116 29.0448 27.6921 0.22399 0.214184 0.297094 0.244907 0.510797 1.08853e-14 0.403259 0.0859436 1
3 9974 12 108036186 112828201 9.92007 3.10216 37.957 -2.27506 34.554 35.6819 0.22399 0.214184 0.297094 0.244907 0.864663 2.78522e-18 0.0381612 0.0971759 1
5 9812 14 84613858 87574585 6.58414 3.96156 12.2525 -1.63578 8.96998 10.6167 0.22399 0.214184 0.297094 0.244907 0.791909 7.04078e-07 0.0394232 0.168667 1
12 9899 20 54284093 57298029 6.6554 3.99664 9.61661 -1.23896 6.31156 8.37763 0.22399 0.214184 0.297094 0.244907 0.73237 1.35137e-05 0.0356475 0.231965 1
13 9890 21 36573183 39566105 9.14684 3.83276 30.3436 -1.04189 26.7956 29.3017 0.22399 0.214184 0.297094 0.244907 0.702295 1.57234e-14 0.0268104 0.270895 1
14 9959 22 39436352 42845161 9.84638 3.40033 36.2611 -2.23616 32.8186 34.0249 0.22399 0.214184 0.297094 0.244907 0.862613 1.57484e-17 0.0365954 0.100792 1
15 9679 3 114807846 118657258 6.00191 3.54038 7.60017 -1.91902 4.72616 5.68111 0.22399 0.214184 0.297094 0.244907 0.809411 5.68326e-05 0.0606277 0.129869 1
17 9967 5 152531117 155743532 6.89046 3.60395 13.7018 -1.76884 10.5376 11.933 0.22399 0.214184 0.297094 0.244907 0.804837 1.47041e-07 0.0451002 0.150062 1
20 9837 8 139942007 142953220 6.2402 3.54939 8.47496 -1.92345 5.20407 6.55148 0.22399 0.214184 0.297094 0.244907 0.826341 2.40849e-05 0.0416195 0.132 1
22 9821 1 58832356 62447973 9.29619 3.72291 32.2471 -1.67946 28.8241 30.5677 0.22399 0.214184 0.297094 0.244907 0.801834 1.41418e-15 0.0346843 0.163482 1
25 9748 12 71953637 75651373 10.2831 3.5285 41.3913 -1.98533 37.9203 39.4059 0.22399 0.214184 0.297094 0.244907 0.839357 1.16487e-19 0.0346082 0.126035 1
28 9691 15 69007010 73520046 6.69975 3.5154 11.2514 -2.00022 8.4643 9.25115 0.22399 0.214184 0.297094 0.244907 0.813246 1.36669e-06 0.0664447 0.120307 1
35 9932 21 38155037 40916110 8.16559 4.39631 22.1648 -0.992788 18.6381 21.172 0.22399 0.214184 0.297094 0.244907 0.692456 5.8039e-11 0.027002 0.280542 1
42 9842 8 17527768 19613312 8.92936 3.8178 28.2874 -1.68778 24.8793 26.5996 0.22399 0.214184 0.297094 0.244907 0.802501 7.36135e-14 0.0352385 0.162261 1
46 9732 11 58247279 61863825 6.96291 4.61378 12.9653 -0.792726 9.74472 12.1726 0.22399 0.214184 0.297094 0.244907 0.646064 6.5431e-07 0.0342173 0.319718 1
48 9810 13 102020900 104860677 7.13833 3.59555 14.1578 -1.91334 10.8922 12.2445 0.22399 0.214184 0.297094 0.244907 0.825084 8.26873e-08 0.0417765 0.133139 1
51 9834 16 34690477 48224167 5.33642 4.0079 4.08201 -0.66916 1.05002 3.41284 0.22399 0.214184 0.297094 0.244907 0.612118 0.00505808 0.0391493 0.34276 1
63 9832 7 46527903 49253622 9.33942 3.3874 32.7193 -2.06309 32.041 30.6558 0.22399 0.214184 0.297094 0.244907 0.551891 4.13625e-16 0.371468 0.0766407 1
65 9966 9 94829879 98244001 7.74131 3.53204 17.2946 -1.80093 15.645 15.4936 0.22399 0.214184 0.297094 0.244907 0.696691 3.39231e-09 0.177525 0.125784 1
69 9980 12 112939118 116053820 3.42825 4.02853 -1.96277 -1.13225 -1.91129 -3.09535 0.22399 0.214184 0.297094 0.244907 0.179441 0.393703 0.25058 0.0632151 1
72 9958 15 83747454 86724585 7.91736 3.29276 21.5875 -1.94837 18.0796 19.6391 0.22399 0.214184 0.297094 0.244907 0.836437 4.80272e-11 0.0332376 0.130326 1
77 9942 2 132484411 134510726 9.10363 3.78909 29.7756 -2.05636 26.4581 27.7192 0.22399 0.214184 0.297094 0.244907 0.8418 1.20592e-14 0.0404661 0.117734 1
78 9939 20 649321 3521062 6.25782 4.10748 9.0945 -1.65145 6.14566 7.44303 0.22399 0.214184 0.297094 0.244907 0.781734 1.60957e-05 0.0543322 0.163909 1
85 9868 7 48214395 51034141 9.27112 3.33981 32.2932 -1.74958 29.4059 30.5436 0.22399 0.214184 0.297094 0.244907 0.791147 1.24228e-15 0.0584746 0.150378 1
86 9872 8 88335888 91928005 9.38648 3.47917 33.6046 -1.83469 30.4283 31.7699 0.22399 0.214184 0.297094 0.244907 0.813055 3.15935e-16 0.045012 0.141933 1
87 9818 9 13737703 16446284 9.18483 3.63603 30.72 -1.97593 27.4021 28.7441 0.22399 0.214184 0.297094 0.244907 0.833595 5.03306e-15 0.0400534 0.126351 1
88 9798 1 218419835 221920821 9.03746 3.21358 30.2413 -1.9676 27.0073 28.2737 0.22399 0.214184 0.297094 0.244907 0.829809 8.15411e-15 0.0433621 0.126829 1
90 9870 11 2150393 4635862 6.2195 3.11581 6.77711 -2.02013 3.50779 4.75695 0.22399 0.214184 0.297094 0.244907 0.836323 0.000120876 0.0421884 0.121283 1
92 9748 13 24523105 27312958 8.70614 3.59893 25.1241 -1.9452 21.6137 23.1789 0.22399 0.214184 0.297094 0.244907 0.836161 1.40214e-12 0.0331429 0.130696 1
94 9953 15 86492235 89833911 5.91452 3.78457 7.75364 -2.08835 5.24296 5.66522 0.22399 0.214184 0.297094 0.244907 0.804337 4.08955e-05 0.0866424 0.108949 1
95 9837 16 7039332 8652472 10.7065 3.50536 47.0769 -1.72759 43.6216 45.3493 0.22399 0.214184 0.297094 0.244907 0.808939 4.931e-22 0.0338819 0.157179 1
96 9919 17 74840936 77740666 5.82147 3.45681 6.11822 -2.00337 2.89619 4.11482 0.22399 0.214184 0.297094 0.244907 0.832752 0.000236543 0.0440422 0.122807 1
106 9922 5 165203106 168801865 5.05223 3.16679 0.555318 -2.28491 -2.12677 -1.72966 0.22399 0.214184 0.297094 0.244907 0.764129 0.0426807 0.0693452 0.085033 1
1 9698 10 122297656 125147452 7.42794 3.72201 16.2777 -1.65884 12.9298 14.6188 0.172058 0.133958 0.330784 0.341469 0.691862 8.74134e-09 0.0467632 0.261374 1
3 9978 12 108036186 112828201 9.93356 3.26221 37.1523 -1.94987 33.5886 35.2024 0.172058 0.133958 0.330784 0.341469 0.748018 6.0725e-18 0.0407481 0.211233 1
5 9825 14 84613858 87574585 6.56979 4.13511 12.6294 -1.36706 10.7374 11.2623 0.172058 0.133958 0.330784 0.341469 0.55691 3.61833e-07 0.161427 0.281663 1
6 9852 15 33526377 36814912 8.06698 4.38292 22.115 -0.469483 20.2905 21.6454 0.172058 0.133958 0.330784 0.341469 0.391986 4.74534e-11 0.121559 0.486454 1
17 9964 5 152531117 155743532 7.81004 3.37319 20.0723 -1.98471 17.4826 18.0875 0.172058 0.133958 0.330784 0.341469 0.705726 1.44776e-10 0.101814 0.19246 1
19 9866 7 117656302 121934604 7.37648 4.04939 17.106 -1.55224 14.2902 15.5537 0.172058 0.133958 0.330784 0.341469 0.651315 3.99865e-09 0.0749514 0.273733 1
22 9829 1 58832356 62447973 7.12904 3.63851 14.737 -1.66711 11.1988 13.0699 0.172058 0.133958 0.330784 0.341469 0.699029 4.08864e-08 0.0390624 0.261909 1
31 9803 18 48562900 51659407 5.83025 3.31432 5.15368 -2.05509 2.11164 3.09855 0.172058 0.133958 0.330784 0.341469 0.742246 0.00042767 0.0681202 0.188665 1
32 9941 19 5208811 7876082 7.27718 3.87343 16.6073 -1.86079 13.2238 14.7465 0.172058 0.133958 0.330784 0.341469 0.727843 5.40406e-09 0.0474729 0.224684 1
34 9953 20 1254103 4152554 3.58702 3.55915 -2.03197 -2.06717 -3.20015 -4.09939 0.172058 0.133958 0.330784 0.341469 0.28058 0.210894 0.167723 0.0704472 1
36 9929 22 35705614 39771883 7.32849 4.35046 14.9216 -1.42938 11.4753 13.4922 0.172058 0.133958 0.330784 0.341469 0.650836 4.01463e-08 0.0398702 0.309294 1
42 9839 8 17527768 19613312 9.21492 3.58968 31.714 -1.72321 28.2253 29.9908 0.172058 0.133958 0.330784 0.341469 0.707742 1.65795e-15 0.0415539 0.250704 1
57 9770 21 21126615 23899366 6.17041 3.22156 7.25488 -2.00838 4.13837 5.24646 0.172058 0.133958 0.330784 0.341469 0.739815 5.46302e-05 0.0630247 0.19704 1
62 9898 6 116195231 119789644 8.46063 3.83249 23.0138 -1.65132 19.5587 21.3625 0.172058 0.133958 0.330784 0.341469 0.69379 1.04856e-11 0.042128 0.264082 1
63 9834 7 46527903 49253622 6.60377 3.20986 11.217 -2.16945 7.82183 9.04751 0.172058 0.133958 0.330784 0.341469 0.774478 9.26078e-07 0.0499326 0.175587 1
64 9980 8 79605730 83456325 7.28647 3.30103 16.3441 -2.19622 12.9028 14.1479 0.172058 0.133958 0.330784 0.341469 0.779855 5.38693e-09 0.0480091 0.172136 1
65 9957 9 94829879 98244001 8.26147 3.76452 22.5052 -1.82434 19.3423 20.6809 0.172058 0.133958 0.330784 0.341469 0.71353 1.50834e-11 0.058028 0.228442 1
68 9821 11 97860221 100289947 7.00154 3.31746 12.0329 -1.94946 8.58095 10.0834 0.172058 0.133958 0.330784 0.341469 0.74437 4.90468e-07 0.0453406 0.210288 1
69 9985 12 112939118 116053820 4.40193 3.92855 -1.25337 -1.00004 -1.42593 -2.25363 0.172058 0.133958 0.330784 0.341469 0.208635 0.209267 0.337531 0.152284 1
74 9892 17 61413289 64717569 4.15325 3.78367 -1.07477 -1.74445 -1.38137 -2.81964 0.172058 0.133958 0.330784 0.341469 0.283286 0.112896 0.400809 0.0982004 1
77 9938 2 132484411 134510726 9.58366 3.62659 35.2661 -1.85439 31.8666 33.4116 0.172058 0.133958 0.330784 0.341469 0.727335 4.28376e-17 0.046694 0.225971 1
78 9947 20 649321 3521062 7.08778 3.49489 14.4459 -1.9206 11.4263 12.5253 0.172058 0.133958 0.330784 0.341469 0.722214 4.38594e-08 0.0677846 0.210002 1
79 9768 21 19471894 22071902 8.67398 3.65376 25.1977 -1.302 22.1264 23.8957 0.172058 0.133958 0.330784 0.341469 0.613909 1.48156e-12 0.0547154 0.331376 1
80 9955 22 27513133 31180800 7.95838 3.90764 21.9771 -1.2374 18.6515 20.7396 0.172058 0.133958 0.330784 0.341469 0.60793 3.91957e-11 0.0420202 0.350049 1
84 9986 6 146958779 150339910 6.40913 4.03874 9.88645 -1.28944 7.03996 8.59699 0.172058 0.133958 0.330784 0.341469 0.603058 6.57696e-06 0.0672999 0.329632 1
89 9887 10 53544648 56018906 7.46863 3.69795 18.0444 -1.9545 15.129 16.0898 0.172058 0.133958 0.330784 0.341469 0.72189 1.15977e-09 0.0752003 0.20291 1
94 9963 15 86492235 89833911 8.24106 3.42497 23.3909 -2.2227 20.0685 21.1682 0.172058 0.133958 0.330784 0.341469 0.778636 4.55816e-12 0.053989 0.167375 1
98 9899 19 18794927 21475902 9.32633 3.67769 33.5554 -2.0158 30.2528 31.5396 0.172058 0.133958 0.330784 0.341469 0.749011 2.07688e-16 0.0529718 0.198017 1
103 9954 22 31214878 33752431 6.95743 3.83703 12.5348 -1.72361 9.08976 10.8112 0.172058 0.133958 0.330784 0.341469 0.706502 3.53218e-07 0.043332 0.250165 1
1 9711 10 122297656 125147452 9.27983 3.92027 32.4347 -1.8516 29.1093 30.5831 0.16955 0.141152 0.284888 0.385464 0.705562 7.56101e-16 0.0426297 0.251809 1
7 9911 16 11262224 13526211 9.33893 3.44717 32.3169 -2.00021 29.3578 30.3167 0.16955 0.141152 0.284888 0.385464 0.716978 7.44988e-16 0.0624788 0.220543 1
13 9893 21 36573183 39566105 7.30137 3.87878 15.2148 -2.1188 11.7838 13.0959 0.16955 0.141152 0.284888 0.385464 0.753256 1.85974e-08 0.0409497 0.205794 1
14 9972 22 39436352 42845161 8.96329 3.64037 27.5909 -2.09852 24.4177 25.4923 0.16955 0.141152 0.284888 0.385464 0.741205 7.87764e-14 0.0521457 0.206649 1
20 9857 8 139942007 142953220 7.55874 3.11852 15.9331 -2.21529 12.5874 13.7178 0.16955 0.141152 0.284888 0.385464 0.764947 8.36097e-09 0.0452883 0.189765 1
23 9740 10 10102317 12756604 9.23616 4.08941 31.4411 -0.454648 28.1213 30.9864 0.16955 0.141152 0.284888 0.385464 0.399418 4.6738e-15 0.0242682 0.576314 1
24 9761 11 19510513 22379539 6.92954 3.70745 12.0307 -1.95482 8.64382 10.0759 0.16955 0.141152 0.284888 0.385464 0.725317 5.09415e-07 0.0412087 0.233473 1
28 9698 15 69007010 73520046 6.69195 3.38367 11.4785 -1.89853 9.0271 9.57991 0.16955 0.141152 0.284888 0.385464 0.673259 8.68962e-07 0.0974829 0.229257 1
30 9848 17 10500386 13502550 7.40374 3.94953 15.3767 -1.79687 13.6655 13.5798 0.16955 0.141152 0.284888 0.385464 0.595072 1.72405e-08 0.180625 0.224303 1
31 9815 18 48562900 51659407 8.53985 3.39746 24.2906 -2.08763 21.0438 22.2029 0.16955 0.141152 0.284888 0.385464 0.742274 2.16289e-12 0.0485133 0.209213 1
43 9719 9 10648073 12885651 7.218 3.65833 14.8134 -2.02435 11.97 12.789 0.16955 0.141152 0.284888 0.385464 0.715257 2.89943e-08 0.0699786 0.214764 1
44 9806 1 205954619 209274912 6.15431 3.49979 7.09414 -1.74115 3.90872 5.35296 0.16955 0.141152 0.284888 0.385464 0.68107 8.25011e-05 0.0473325 0.271452 1
46 9725 11 58247279 61863825 7.40444 4.11736 15.1884 -1.41289 13.1392 13.7754 0.16955 0.141152 0.284888 0.385464 0.565002 2.90138e-08 0.122317 0.312681 1
48 9799 13 102020900 104860677 7.32635 3.65272 16.3877 -1.87224 13.7486 14.5154 0.16955 0.141152 0.284888 0.385464 0.680456 6.65265e-09 0.081662 0.237882 1
49 9920 14 62167530 65840963 6.7157 3.67526 12.4014 -2.0238 9.66552 10.3775 0.16955 0.141152 0.284888 0.385464 0.709536 3.21056e-07 0.0772994 0.213164 1
66 9770 1 97414551 101020183 8.13975 3.63433 20.7487 -1.6731 18.0979 19.0755 0.16955 0.141152 0.284888 0.385464 0.647142 9.85673e-11 0.0767668 0.276091 1
69 9982 12 112939118 116053820 6.47702 3.20927 8.56141 -1.99246 5.83991 6.56889 0.16955 0.141152 0.284888 0.385464 0.70395 1.52912e-05 0.0778015 0.218218 1
72 9968 15 83747454 86724585 5.23885 3.92278 4.80499 -1.56573 1.83071 3.23924 0.16955 0.141152 0.284888 0.385464 0.639728 0.000911196 0.0549104 0.303865 1
73 9774 16 3355513 5935817 6.5509 3.2827 9.99879 -2.05656 6.77034 7.9422 0.16955 0.141152 0.284888 0.385464 0.73674 3.56557e-06 0.0490447 0.214208 1
78 9949 20 649321 3521062 6.89002 3.98497 12.8867 -1.80179 9.614 11.0848 0.16955 0.141152 0.284888 0.385464 0.695019 2.41699e-07 0.044267 0.260714 1
82 9811 4 8231995 10560584 7.80655 3.40066 19.9855 -2.02965 16.9934 17.9558 0.16955 0.141152 0.284888 0.385464 0.723067 1.65384e-10 0.0609692 0.215963 1
83 9933 5 171953232 174777607 7.37292 3.80248 14.8237 -1.6964 11.7503 13.1273 0.16955 0.141152 0.284888 0.385464 0.669103 3.72623e-08 0.0520097 0.278887 1
85 9870 7 48214395 51034141 6.31659 3.83478 10.142 -1.90029 6.74471 8.24168 0.16955 0.141152 0.284888 0.385464 0.716245 3.512e-06 0.0402732 0.243475 1
89 9884 10 53544648 56018906 9.87345 3.75986 36.1309 -1.93692 35.8597 34.1935 0.16955 0.141152 0.284888 0.385464 0.383353 9.36097e-18 0.491085 0.125562 1
93 9921 14 40003726 42939597 9.64671 3.11258 36.349 -2.17687 32.9306 34.172 0.16955 0.141152 0.284888 0.385464 0.761702 1.17657e-17 0.0419377 0.19636 1
95 9837 16 7039332 8652471 8.44661 4.47574 25.029 -1.23714 21.5616 23.7919 0.16955 0.141152 0.284888 0.385464 0.584044 1.90362e-12 0.0306142 0.385341 1
96 9924 17 74840936 77740666 7.24113 4.24463 14.9751 -0.895918 11.6841 14.0792 0.16955 0.141152 0.284888 0.385464 0.502356 5.35424e-08 0.0314135 0.466231 1
100 9946 20 37488842 41249232 5.52954 3.54346 5.35813 -1.83918 2.62559 3.5189 0.16955 0.141152 0.284888 0.385464 0.67944 0.000423434 0.0742681 0.245511 1
4 9563 13 36533589 39357508 9.61922 3.83907 35.3724 -1.92261 33.0303 33.4497 0.11963 0.159773 0.266633 0.434927 0.572794 4.86027e-17 0.12272 0.304486 1
8 9854 17 52581800 57696171 7.07413 3.62962 12.5598 -1.90213 11.6505 10.6574 0.11963 0.159773 0.266633 0.434927 0.4098 2.86734e-07 0.367897 0.222302 1
10 9962 19 1899089 4657266 9.16272 3.80941 30.0858 -1.84351 26.5408 28.2422 0.11963 0.159773 0.266633 0.434927 0.609864 1.1071e-14 0.0392419 0.350895 1
14 9963 22 39436352 42845161 9.7612 3.68392 36.1108 -1.92575 32.6776 34.185 0.11963 0.159773 0.266633 0.434927 0.62426 2.52334e-17 0.0449206 0.33082 1
20 9847 8 139942007 142953220 7.31655 3.77894 14.2177 -1.99287 11.0938 12.2248 0.11963 0.159773 0.266633 0.434927 0.627523 7.6407e-08 0.0615195 0.310957 1
25 9793 12 71953637 75651373 10.6591 3.23851 45.0357 -2.06219 41.5614 42.9735 0.11963 0.159773 0.266633 0.434927 0.652996 3.06347e-21 0.0450927 0.301911 1
28 9695 15 69007010 73520046 5.30334 4.08365 3.52425 -1.08165 0.914208 2.44258 0.11963 0.159773 0.266633 0.434927 0.414164 0.00552743 0.0678771 0.510489 1
30 9843 17 10500386 13502550 9.34857 3.88803 31.6048 -1.63512 28.0585 29.9696 0.11963 0.159773 0.266633 0.434927 0.564037 2.76103e-15 0.0362439 0.39972 1
32 9938 19 5208811 7876082 7.47681 4.82176 17.8567 -0.401392 14.5245 17.4553 0.11963 0.159773 0.266633 0.434927 0.284639 4.47271e-09 0.0226576 0.692703 1
33 9786 2 17133104 20251444 9.09562 3.46597 28.5881 -2.11537 25.6901 26.4727 0.11963 0.159773 0.266633 0.434927 0.6405 3.96138e-14 0.0787083 0.280792 1
36 9934 22 35705614 39771883 7.68197 4.14689 16.9646 -1.5084 13.7264 15.4561 0.11963 0.159773 0.266633 0.434927 0.52858 6.69992e-09 0.0462227 0.425197 1
46 9710 11 58247279 61863825 6.0267 3.48847 6.09557 -1.98254 2.90849 4.113 0.11963 0.159773 0.266633 0.434927 0.627555 0.00026004 0.0577559 0.314204 1
47 9883 12 119524757 123314550 10.0423 4.38685 38.6663 -1.75925 36.0592 36.907 0.11963 0.159773 0.266633 0.434927 0.558566 2.07089e-18 0.0918118 0.349622 1
54 9946 19 50293421 53473822 7.65612 3.85524 18.6567 -1.66658 15.2606 16.9901 0.11963 0.159773 0.266633 0.434927 0.567732 1.13112e-09 0.0423935 0.389875 1
55 9969 2 65728636 68864061 9.40158 4.28565 34.0791 -1.29853 32.1497 32.7805 0.11963 0.159773 0.266633 0.434927 0.431787 2.49254e-16 0.139782 0.42843 1
63 9841 7 46527903 49253622 9.71358 3.43809 35.9236 -2.13279 32.4352 33.7908 0.11963 0.159773 0.266633 0.434927 0.667147 2.64355e-17 0.0454233 0.287429 1
71 9905 14 31249149 34179646 6.82414 3.74802 11.3308 -1.80889 9.19497 9.52184 0.11963 0.159773 0.266633 0.434927 0.537945 1.41222e-06 0.141654 0.320399 1
75 9873 18 41527221 44836357 6.28642 3.60136 7.20627 -1.92924 4.80905 5.27697 0.11963 0.159773 0.266633 0.434927 0.57767 8.31467e-05 0.117127 0.305052 1
84 9983 6 146958779 150339910 4.96027 3.5873 1.53234 -2.09447 -1.12047 -0.562179 0.11963 0.159773 0.266633 0.434927 0.597165 0.0212156 0.0937705 0.26732 1
91 9813 12 61391332 65202444 10.2064 3.64459 39.3389 -1.96641 35.8406 37.3725 0.11963 0.159773 0.266633 0.434927 0.63442 9.75783e-19 0.0427718 0.322809 1
93 9924 14 40003726 42939597 9.12681 4.08507 32.0601 -0.865289 28.8138 31.1948 0.11963 0.159773 0.266633 0.434927 0.382108 2.56169e-15 0.0331422 0.58475 1
100 9938 20 37488842 41249232 7.98766 3.8478 21.6384 -1.63124 18.4379 20.0071 0.11963 0.159773 0.266633 0.434927 0.554866 5.80752e-11 0.0503889 0.394745 1
104 9933 3 29641436 32646393 7.7335 3.31959 17.2621 -2.05301 16.9868 15.2085 0.11963 0.159773 0.266633 0.434927 0.316576 1.72855e-09 0.53579 0.147634 1
105 9654 4 48977443 55009203 6.10732 3.5244 8.30357 -1.90334 5.15313 6.40019 0.11963 0.159773 0.266633 0.434927 0.610687 3.01078e-05 0.0583014 0.330957 1
110 9786 9 73343131 77044651 7.42603 3.80346 16.9868 -1.76072 13.7802 15.2261 0.11963 0.159773 0.266633 0.434927 0.582997 5.6153e-09 0.0526168 0.364387 1
5 9836 14 84613858 87574585 6.06919 3.80893 9.36599 -1.62144 6.16717 7.74452 0.16767 0.149509 0.355509 0.30849 0.689594 1.03998e-05 0.0596708 0.250719 1
7 9922 16 11262224 13526211 7.80181 4.00383 18.9767 -1.61663 16.4952 17.36 0.16767 0.149509 0.355509 0.30849 0.648249 6.58227e-10 0.114933 0.236818 1
17 9966 5 152531117 155743532 5.4498 3.60687 5.38485 -1.99931 3.26093 3.38545 0.16767 0.149509 0.355509 0.30849 0.665015 0.000368253 0.168586 0.165688 1
20 9853 8 139942007 142953220 6.31544 3.92577 8.78334 -1.93609 5.36977 6.84722 0.16767 0.149509 0.355509 0.30849 0.748912 1.47657e-05 0.0522794 0.198781 1
22 9811 1 58832356 62447973 10.5261 3.18573 44.2049 -2.23385 41.4 41.971 0.16767 0.149509 0.355509 0.30849 0.754507 4.56856e-21 0.0968037 0.148689 1
23 9755 10 10102317 12756604 9.47869 4.54973 32.9506 -1.18892 29.409 31.7617 0.16767 0.149509 0.355509 0.30849 0.616618 8.19641e-16 0.0378734 0.345508 1
27 9827 14 85354749 88567724 6.64188 3.52405 10.1448 -1.77574 9.68993 8.36868 0.16767 0.149509 0.355509 0.30849 0.376381 2.23262e-06 0.506381 0.117234 1
34 9966 20 1254103 4152554 7.24338 3.45704 13.624 -2.09572 10.8988 11.5282 0.16767 0.149509 0.355509 0.30849 0.732491 9.72812e-08 0.101776 0.165733 1
40 9997 6 31431970 32638363 4.303 3.52394 0.987341 -1.88902 -1.41349 -0.901743 0.16767 0.149509 0.355509 0.30849 0.640017 0.0321525 0.123004 0.178057 1
44 9805 1 205954619 209274912 6.88051 3.33597 11.29 -2.02259 8.87619 9.26731 0.16767 0.149509 0.355509 0.30849 0.697768 1.02886e-06 0.132379 0.169851 1
49 9913 14 62167530 65840963 7.93546 4.46338 21.454 -0.410042 18.1208 21.0439 0.16767 0.149509 0.355509 0.30849 0.435422 1.24077e-10 0.0329403 0.531638 1
56 9947 20 5894415 9015422 7.58768 4.12122 19.228 -1.48619 15.7811 17.7418 0.16767 0.149509 0.355509 0.30849 0.673967 6.06459e-10 0.0455056 0.280527 1
60 9882 4 16539530 19714000 7.08916 3.63291 13.1438 -1.94792 11.382 11.1958 0.16767 0.149509 0.355509 0.30849 0.614857 1.53009e-07 0.223878 0.161264 1
62 9901 6 116195231 119789644 8.42183 3.49458 22.6599 -2.05329 19.1219 20.6066 0.16767 0.149509 0.355509 0.30849 0.770586 1.27126e-11 0.0475015 0.181913 1
64 9965 8 79605730 83456325 7.97344 3.14541 19.8813 -2.07907 16.3845 17.8022 0.16767 0.149509 0.355509 0.30849 0.772619 1.99947e-10 0.0496288 0.177752 1
75 9868 18 41527221 44836357 6.74994 3.83928 10.3647 -2.06377 7.41934 8.3009 0.16767 0.149509 0.355509 0.30849 0.743438 2.6536e-06 0.0828859 0.173671 1
79 9760 21 19471894 22071902 6.62654 3.6104 9.61386 -2.08722 6.47119 7.5266 0.16767 0.149509 0.355509 0.30849 0.757727 5.59774e-06 0.069353 0.172909 1
82 9808 4 8231995 10560584 6.82057 3.43444 13.0789 -2.20452 10.0811 10.8743 0.16767 0.149509 0.355509 0.30849 0.764096 1.56985e-07 0.0808416 0.155062 1
85 9874 7 48214395 51034141 9.26855 3.48011 33.657 -1.85572 30.5026 31.8012 0.16767 0.149509 0.355509 0.30849 0.725639 2.44325e-16 0.0656408 0.20872 1
88 9809 1 218419835 221920821 8.86739 3.34968 28.5352 -1.81066 25.0463 26.7245 0.16767 0.149509 0.355509 0.30849 0.732258 4.3235e-14 0.0474079 0.220334 1
90 9853 11 2150393 4635862 5.46496 3.30838 4.88601 -2.0738 1.53543 2.81219 0.16767 0.149509 0.355509 0.30849 0.764924 0.000647478 0.056869 0.176911 1
92 9747 13 24523105 27312958 8.06579 4.85618 19.7487 0.380096 17.9372 20.1288 0.16767 0.149509 0.355509 0.30849 0.247703 8.55994e-10 0.0858196 0.666478 1
93 9922 14 40003726 42939597 10.7033 3.05598 47.2431 -2.19455 43.9428 45.0485 0.16767 0.149509 0.355509 0.30849 0.779332 2.35203e-22 0.0609277 0.15974 1
102 9934 22 21294586 24228759 6.87483 3.67753 10.9239 -1.9326 7.48998 8.99124 0.16767 0.149509 0.355509 0.30849 0.749197 1.74308e-06 0.0512479 0.199552 1
103 9945 22 31214878 33752431 8.85484 3.57289 27.31 -1.89882 23.774 25.4111 0.16767 0.149509 0.355509 0.30849 0.747792 1.37648e-13 0.046187 0.206021 1
106 9919 5 165203106 168801865 6.88974 3.46176 11.4068 -1.98285 8.37323 9.42394 0.16767 0.149509 0.355509 0.30849 0.737803 1.00714e-06 0.0753119 0.186883 1
107 9893 6 65412323 67772995 6.87752 4.03695 11.1081 -0.687167 9.36703 10.4209 0.16767 0.149509 0.355509 0.30849 0.435313 2.92691e-06 0.161836 0.402847 1
