1 9664 10 122297656 125147452 4.75123 3.60228 0.816515 -1.631 -1.82729 -0.814525 0.145452 0.158488 0.320762 0.312978 0.537186 0.0506357 0.0842167 0.226238 1
10 9954 19 1899089 4657266 4.65298 3.9626 -0.255896 -1.53995 -2.17246 -1.79591 0.145452 0.158488 0.320762 0.312978 0.378667 0.114256 0.122848 0.174675 1
12 9900 20 54284093 57298029 4.17768 3.83124 -1.39948 -1.62655 -3.00163 -3.02613 0.145452 0.158488 0.320762 0.312978 0.223607 0.194153 0.0993443 0.0945873 1
18 9959 6 167706049 170185644 6.56101 3.84388 10.0313 -1.36285 7.23052 8.6684 0.145452 0.158488 0.320762 0.312978 0.593569 7.28359e-06 0.0795398 0.326872 1
24 9718 11 19510513 22379539 5.65339 3.54831 5.27759 -1.47339 2.54583 3.80418 0.145452 0.158488 0.320762 0.312978 0.609722 0.000777135 0.0875396 0.300628 1
26 9699 13 108802360 111579207 4.81851 3.46789 0.256162 -1.50387 -2.09267 -1.24776 0.145452 0.158488 0.320762 0.312978 0.45292 0.0849031 0.0953675 0.216607 1
28 9651 15 69007010 73520046 3.6671 3.32107 -1.00199 -1.65484 -2.57063 -2.65695 0.145452 0.158488 0.320762 0.312978 0.277405 0.157349 0.127447 0.11407 1
35 9913 21 38155037 40916110 5.61803 3.66243 3.607 -1.84889 0.453509 1.75809 0.145452 0.158488 0.320762 0.312978 0.690057 0.00321144 0.0649836 0.233726 1
36 9926 22 35705614 39771883 4.64314 3.76858 -0.277109 -1.64441 -2.36064 -1.92159 0.145452 0.158488 0.320762 0.312978 0.394795 0.109606 0.108385 0.16405 1
38 9913 4 38551032 41675707 4.1303 4.27871 -0.895206 -0.877046 -2.62381 -1.7723 0.145452 0.158488 0.320762 0.312978 0.224972 0.249627 0.0880784 0.201376 1
39 9801 5 14198624 17667860 4.56221 4.07889 -0.815883 -0.632376 -0.0923189 -1.44865 0.145452 0.158488 0.320762 0.312978 0.111514 0.145982 0.507027 0.127442 1
51 9826 16 34690477 48224167 4.60256 3.58737 0.846638 -1.53754 -1.53369 -0.690944 0.145452 0.158488 0.320762 0.312978 0.512659 0.0514837 0.104599 0.23706 1
57 9741 21 21126615 23899366 4.82131 3.56507 0.329431 -1.67142 -2.06571 -1.34204 0.145452 0.158488 0.320762 0.312978 0.485192 0.0714877 0.0975396 0.196244 1
58 9936 22 44576744 47214129 6.63163 3.23576 11.1215 -1.81569 8.07236 9.30583 0.145452 0.158488 0.320762 0.312978 0.687442 1.80277e-06 0.0718546 0.240697 1
74 9862 17 61413289 64717569 3.91695 3.83766 -1.21018 -1.49155 -2.64562 -2.70184 0.145452 0.158488 0.320762 0.312978 0.234274 0.192666 0.122966 0.113423 1
75 9851 18 41527221 44836357 4.5246 3.38596 0.0506148 -1.63408 -1.96519 -1.58354 0.145452 0.158488 0.320762 0.312978 0.430468 0.0870087 0.126459 0.180731 1
81 9969 3 22338890 25304837 4.43396 3.66708 0.224737 -1.56865 -1.32427 -1.34402 0.145452 0.158488 0.320762 0.312978 0.409789 0.0742982 0.191999 0.183676 1
84 9984 6 146958779 150339910 5.65705 3.69992 5.39184 -1.66914 3.98246 3.72257 0.145452 0.158488 0.320762 0.312978 0.513616 0.000480139 0.276704 0.208198 1
88 9724 1 218419835 221920821 4.65665 3.06795 1.37023 -1.63461 -1.35468 -0.264405 0.145452 0.158488 0.320762 0.312978 0.579027 0.03126 0.0837037 0.242984 1
89 9873 10 53544648 56018906 6.6904 4.33959 12.0531 -0.699365 9.25176 11.3537 0.145452 0.158488 0.320762 0.312978 0.4539 1.43194e-06 0.0607895 0.485308 1
98 9899 19 18794927 21475902 5.78643 3.43956 6.65478 -2.00761 3.47797 4.64714 0.145452 0.158488 0.320762 0.312978 0.723728 0.000136403 0.0665838 0.209152 1
102 9923 22 21294586 24228759 4.21997 3.69639 -0.990787 -1.72144 -2.63987 -2.71234 0.145452 0.158488 0.320762 0.312978 0.28675 0.150473 0.121557 0.110316 1
103 9933 22 31214878 33752431 8.42008 3.87355 23.5965 -1.38241 20.5442 22.2141 0.145452 0.158488 0.320762 0.312978 0.608193 9.39924e-12 0.0633691 0.328438 1
104 9926 3 29641436 32646393 7.48303 3.24435 15.6034 -1.81198 12.5052 13.7914 0.145452 0.158488 0.320762 0.312978 0.689198 2.05218e-08 0.0685914 0.24221 1
110 9747 9 73343131 77044651 7.22599 3.42782 14.9435 -1.58124 12.5879 13.3622 0.145452 0.158488 0.320762 0.312978 0.605408 4.39253e-08 0.126614 0.267977 1
3 9970 12 108036186 112828201 6.44141 3.03776 10.5095 -1.72576 7.57234 8.78369 0.221608 0.221825 0.315406 0.201709 0.808073 3.92804e-06 0.0609745 0.130945 1
4 9529 13 36533589 39357508 5.92687 4.09914 7.08356 -1.05134 4.05741 6.03221 0.221608 0.221825 0.315406 0.201709 0.72069 0.000211462 0.0497499 0.229241 1
5 9810 14 84613858 87574585 6.80266 3.68809 13.0906 -1.58014 10.3468 11.5104 0.221608 0.221825 0.315406 0.201709 0.781861 3.32776e-07 0.0715804 0.146558 1
15 9654 3 114807846 118657258 5.0882 3.78481 2.09043 -1.14449 -0.121501 0.945905 0.221608 0.221825 0.315406 0.201709 0.663557 0.0261455 0.103403 0.19229 1
17 9963 5 152531117 155743532 3.35793 3.41381 -1.62824 -1.68758 -3.08683 -3.31594 0.221608 0.221825 0.315406 0.201709 0.298537 0.281615 0.0988155 0.0502548 1
18 9955 6 167706049 170185644 5.86238 3.42461 7.12309 -1.83369 4.01957 5.28937 0.221608 0.221825 0.315406 0.201709 0.826698 0.000106632 0.052819 0.120257 1
20 9834 8 139942007 142953220 5.3642 4.45772 3.37703 -0.856802 1.10859 2.5202 0.221608 0.221825 0.315406 0.201709 0.643398 0.0093363 0.0947528 0.248602 1
21 9767 9 67841188 70545037 4.38185 2.7835 1.86119 -1.79 0.0289603 0.0710906 0.221608 0.221825 0.315406 0.201709 0.697632 0.0181284 0.158922 0.106007 1
23 9705 10 10102317 12756604 7.36331 3.75166 15.6677 -1.38858 12.4593 14.2791 0.221608 0.221825 0.315406 0.201709 0.778479 3.04951e-08 0.0447845 0.176737 1
25 9776 12 71953637 75651373 4.96701 3.5478 2.48468 -1.75163 1.31194 0.732876 0.221608 0.221825 0.315406 0.201709 0.614357 0.00889282 0.270637 0.0969972 1
27 9784 14 85354749 88567724 5.76564 4.03042 4.55315 -1.39731 2.12892 3.1558 0.221608 0.221825 0.315406 0.201709 0.737704 0.00192334 0.0929693 0.16602 1
35 9915 21 38155037 40916110 6.98837 3.49617 12.956 -1.53669 11.1298 11.4192 0.221608 0.221825 0.315406 0.201709 0.701787 3.56894e-07 0.160828 0.137384 1
39 9808 5 14198624 17667860 3.55713 3.99061 -1.72005 -1.33393 -2.99778 -3.05408 0.221608 0.221825 0.315406 0.201709 0.243705 0.358907 0.0966577 0.0584308 1
46 9699 11 58247279 61863825 4.76843 3.41955 0.906552 -1.79143 -0.755939 -0.884991 0.221608 0.221825 0.315406 0.201709 0.640618 0.0431825 0.172931 0.0972035 1
48 9782 13 102020900 104860677 5.02238 3.42139 3.4286 -1.69743 0.953188 1.73112 0.221608 0.221825 0.315406 0.201709 0.770324 0.00458028 0.0922361 0.128412 1
50 9795 15 27380335 31326242 6.55467 3.86511 11.1492 -0.960408 8.35208 10.1888 0.221608 0.221825 0.315406 0.201709 0.696782 3.84044e-06 0.0604787 0.242733 1
53 9830 18 33673621 37240976 5.52114 3.87612 4.63663 -1.4141 1.55434 3.22251 0.221608 0.221825 0.315406 0.201709 0.774801 0.00182734 0.0505654 0.17147 1
56 9930 20 5894415 9015422 4.52665 4.40571 1.35012 0.53957 -0.99956 1.88968 0.221608 0.221825 0.315406 0.201709 0.313655 0.139593 0.0425878 0.489691 1
64 9975 8 79605730 83456325 3.72543 4.05524 -1.35123 -0.90824 0.762187 -2.26153 0.221608 0.221825 0.315406 0.201709 0.0649678 0.101277 0.76529 0.0237958 1
67 9922 10 131332366 133482769 5.45394 4.02283 5.89058 -1.56612 2.99656 4.32443 0.221608 0.221825 0.315406 0.201709 0.787434 0.000455237 0.0620357 0.149687 1
71 9896 14 31249149 34179646 6.03175 3.64889 7.40011 -1.65018 5.39492 5.74985 0.221608 0.221825 0.315406 0.201709 0.731739 8.59589e-05 0.140216 0.127879 1
73 9739 16 3355513 5935817 7.4494 3.55308 17.0198 -1.74737 13.8699 15.2724 0.221608 0.221825 0.315406 0.201709 0.819954 5.80406e-09 0.0500158 0.13003 1
75 9844 18 41527221 44836357 3.45766 3.25311 -1.65963 -1.69455 -3.05029 -3.35431 0.221608 0.221825 0.315406 0.201709 0.292057 0.28231 0.103465 0.0488218 1
80 9944 22 27513133 31180800 4.62868 3.81535 1.14952 -1.4362 -0.0456462 -0.286808 0.221608 0.221825 0.315406 0.201709 0.562109 0.042392 0.242132 0.121667 1
87 9808 9 13737703 16446284 5.90315 3.41179 5.61769 -1.70724 2.45616 3.91043 0.221608 0.221825 0.315406 0.201709 0.815213 0.000537676 0.0491498 0.134573 1
93 9908 14 40003726 42939597 6.45313 3.67445 11.0561 -0.728901 8.0693 10.3272 0.221608 0.221825 0.315406 0.201709 0.661845 5.04701e-06 0.047523 0.290625 1
94 9949 15 86492235 89833911 5.31974 3.46173 4.46881 -1.78904 1.7063 2.67973 0.221608 0.221825 0.315406 0.201709 0.802619 0.00153881 0.0721195 0.122085 1
97 9762 18 48065150 50748866 6.48825 3.60616 9.93298 -1.82453 6.76803 8.10843 0.221608 0.221825 0.315406 0.201709 0.828564 6.49427e-06 0.0497841 0.121639 1
106 9905 5 165203106 168801865 3.88725 3.81453 -1.53015 -1.30404 -2.70774 -2.8343 0.221608 0.221825 0.315406 0.201709 0.265771 0.333527 0.116512 0.0656539 1
108 9867 7 103325148 106538247 5.42552 3.7533 5.55632 -1.58755 3.36266 3.96871 0.221608 0.221825 0.315406 0.201709 0.742809 0.000587162 0.117887 0.138206 1
109 9950 8 109691459 114156136 8.09048 3.37506 22.8562 -1.64702 22.099 21.209 0.221608 0.221825 0.315406 0.201709 0.542668 1.23976e-11 0.362211 0.0951208 1
0 9969 1 3396903 5732682 5.31489 3.48918 1.81282 -1.5721 -0.914351 0.240696 0.219443 0.239022 0.312081 0.202244 0.745443 0.0275092 0.0693367 0.142627 1
1 9665 10 122297656 125147452 6.46697 4.94082 9.55279 0.974491 6.62244 10.5273 0.219443 0.239022 0.312081 0.202244 0.284232 5.82478e-05 0.0215767 0.694131 1
6 9820 15 33526377 36814912 4.97582 3.895 2.16097 -1.56191 -0.217547 0.599016 0.219443 0.239022 0.312081 0.202244 0.73222 0.0192721 0.0965182 0.141529 1
7 9912 16 11262224 13526211 6.07904 3.52846 8.04007 -1.74586 5.04231 6.29417 0.219443 0.239022 0.312081 0.202244 0.811769 4.97246e-05 0.0576061 0.130543 1
8 9819 17 52581800 57696171 5.70699 3.48072 4.47769 -1.52361 1.62215 2.95406 0.219443 0.239022 0.312081 0.202244 0.77715 0.00209551 0.0635776 0.156082 1
10 9949 19 1899089 4657266 7.32585 3.64112 14.9156 -1.60101 12.4326 13.3145 0.219443 0.239022 0.312081 0.202244 0.766506 5.60505e-08 0.0910171 0.142476 1
11 9750 2 140347645 142858768 8.8745 4.15797 29.2259 -1.31883 26.3264 27.907 0.219443 0.239022 0.312081 0.202244 0.754847 4.46258e-14 0.0590976 0.186055 1
12 9888 20 54284093 57298029 4.9158 4.47095 0.189392 0.0431364 -1.28122 0.232506 0.219443 0.239022 0.312081 0.202244 0.300063 0.282365 0.0980568 0.288729 1
15 9656 3 114807846 118657258 4.45754 4.08166 -0.306967 -1.26338 -2.18561 -1.57041 0.219443 0.239022 0.312081 0.202244 0.48428 0.202696 0.105235 0.126167 1
16 9956 4 98528747 101935690 5.42495 3.92303 2.90203 -1.52663 -0.166654 1.37538 0.219443 0.239022 0.312081 0.202244 0.777519 0.0101038 0.0513979 0.155685 1
19 9872 7 117656302 121934604 5.09672 3.36473 2.55428 -1.64816 -0.0522846 0.906078 0.219443 0.239022 0.312081 0.202244 0.764417 0.0124551 0.0802155 0.135543 1
22 9792 1 58832356 62447973 6.58531 3.62702 11.9655 -1.64542 10.1205 10.32 0.219443 0.239022 0.312081 0.202244 0.712998 9.52886e-07 0.160233 0.126767 1
25 9769 12 71953637 75651373 5.58079 3.53007 5.75977 -1.51372 3.16659 4.24601 0.219443 0.239022 0.312081 0.202244 0.763167 0.000576629 0.0811637 0.154795 1
28 9656 15 69007010 73520046 4.2661 3.87636 -0.362447 -0.679927 -1.50268 -1.04244 0.219443 0.239022 0.312081 0.202244 0.345694 0.274112 0.157196 0.161409 1
34 9950 20 1254103 4152554 4.47176 4.08975 -0.748882 -1.34858 -2.55944 -2.09752 0.219443 0.239022 0.312081 0.202244 0.428813 0.256413 0.0997463 0.102592 1
35 9901 21 38155037 40916110 4.93388 4.42491 1.89733 -0.547482 -0.865813 1.34984 0.219443 0.239022 0.312081 0.202244 0.576081 0.0544287 0.0516903 0.307088 1
42 9800 8 17527768 19613312 6.77803 3.56901 11.4838 -1.30151 11.6512 10.1819 0.219443 0.239022 0.312081 0.202244 0.341069 1.04076e-06 0.57343 0.0854998 1
54 9941 19 50293421 53473822 6.63404 4.17432 10.2245 -1.26392 7.15447 8.96056 0.219443 0.239022 0.312081 0.202244 0.753905 8.41544e-06 0.0497696 0.196314 1
56 9931 20 5894415 9015422 6.46851 3.28772 11.9682 -1.75315 8.77373 10.215 0.219443 0.239022 0.312081 0.202244 0.821057 9.82652e-07 0.0478625 0.131079 1
58 9936 22 44576744 47214129 5.75211 3.4725 5.65787 -1.54992 2.68212 4.10792 0.219443 0.239022 0.312081 0.202244 0.787771 0.000635639 0.0571469 0.154106 1
62 9873 6 116195231 119789644 7.04246 3.18347 12.3852 -1.69586 10.6717 10.6892 0.219443 0.239022 0.312081 0.202244 0.701572 5.85959e-07 0.179829 0.118598 1
63 9811 7 46527903 49253622 5.60401 3.57251 5.45518 -1.42547 3.09873 4.02968 0.219443 0.239022 0.312081 0.202244 0.736404 0.000824142 0.0992352 0.163147 1
66 9729 1 97414551 101020183 5.77949 3.64848 5.53167 -1.51967 3.10613 4.01196 0.219443 0.239022 0.312081 0.202244 0.752545 0.00071005 0.0946414 0.151734 1
71 9888 14 31249149 34179646 7.25529 3.30511 15.37 -1.64512 13.5262 13.7248 0.219443 0.239022 0.312081 0.202244 0.712839 3.16609e-08 0.160384 0.126778 1
74 9865 17 61413289 64717569 4.39158 4.01193 0.103733 -1.16413 -1.91701 -1.06044 0.219443 0.239022 0.312081 0.202244 0.527831 0.161802 0.0995047 0.151863 1
76 9930 19 59640159 61853913 4.65407 3.9853 0.374202 -1.12055 -1.25037 -0.746414 0.219443 0.239022 0.312081 0.202244 0.523483 0.127895 0.146658 0.157318 1
77 9935 2 132484411 134510726 7.44502 3.84643 17.1509 -1.08531 14.243 16.0655 0.219443 0.239022 0.312081 0.202244 0.719968 9.43101e-09 0.0558944 0.224137 1
79 9724 21 19471894 22071902 3.64064 4.08822 -1.45628 -0.247506 -1.39924 -1.70393 0.219443 0.239022 0.312081 0.202244 0.13504 0.492654 0.203319 0.0971546 1
81 9972 3 22338890 25304837 5.37988 3.76571 5.56412 -0.575663 6.0708 4.98816 0.219443 0.239022 0.312081 0.202244 0.25764 0.000604862 0.608148 0.133484 1
84 9987 6 146958779 150339910 4.58142 3.78502 1.02976 -1.37005 -1.10421 -0.340342 0.219443 0.239022 0.312081 0.202244 0.646994 0.0639426 0.108912 0.151505 1
85 9844 7 48214395 51034141 5.73546 3.13865 6.50616 -1.74433 3.47162 4.76181 0.219443 0.239022 0.312081 0.202244 0.813054 0.000231256 0.0556132 0.130951 1
91 9757 12 61391332 65202444 6.45104 3.7334 8.5511 -1.04864 5.81435 7.50244 0.219443 0.239022 0.312081 0.202244 0.70663 5.21426e-05 0.0650999 0.228201 1
93 9908 14 40003726 42939597 5.5897 2.92928 6.4541 -1.91005 4.19989 4.54397 0.219443 0.239022 0.312081 0.202244 0.777502 0.000197385 0.116053 0.106096 1
100 9943 20 37488842 41249232 5.61369 4.04 6.10605 -1.20401 3.17346 4.90203 0.219443 0.239022 0.312081 0.202244 0.738979 0.000538303 0.0559717 0.204306 1
105 9595 4 48978522 55009203 5.34119 4.33295 4.38403 0.347458 1.7072 4.73149 0.219443 0.239022 0.312081 0.202244 0.412692 0.00793741 0.040368 0.538364 1
4 9517 13 36533589 39357508 5.74089 3.70705 6.68047 -1.4314 4.30505 5.24903 0.199647 0.276139 0.322497 0.162318 0.74342 0.000308433 0.111652 0.144435 1
5 9807 14 84613858 87574585 6.6786 3.83004 12.18 -1.63026 9.34346 10.5497 0.199647 0.276139 0.322497 0.162318 0.797473 1.10887e-06 0.0755278 0.126998 1
20 9823 8 139942007 142953220 7.24534 3.52461 14.5223 -1.57977 11.5258 12.9425 0.199647 0.276139 0.322497 0.162318 0.801153 1.12601e-07 0.0646562 0.134191 1
24 9734 11 19510513 22379539 5.71033 3.6919 5.59642 -1.50216 2.52236 4.09424 0.199647 0.276139 0.322497 0.162318 0.795183 0.000908775 0.0593858 0.14394 1
25 9763 12 71953637 75651373 4.30116 4.14814 -0.180577 -1.12874 -2.37365 -1.30935 0.199647 0.276139 0.322497 0.162318 0.451368 0.241889 0.0813493 0.118691 1
33 9760 2 17133104 20251444 9.59254 3.52327 33.5195 -1.73775 30.3017 31.7817 0.199647 0.276139 0.322497 0.162318 0.828018 5.58316e-16 0.0535575 0.118424 1
37 9577 3 46456309 52678655 3.46917 3.47791 -0.424134 -1.57002 -1.60492 -1.99431 0.199647 0.276139 0.322497 0.162318 0.415552 0.182743 0.206102 0.070277 1
38 9903 4 38551032 41675707 8.93691 3.55054 29.4887 -1.67662 26.5874 27.8121 0.199647 0.276139 0.322497 0.162318 0.805933 3.25258e-14 0.0715358 0.122531 1
44 9789 1 205954619 209274912 4.1535 4.50687 -1.15478 0.120744 -2.16544 -1.03407 0.199647 0.276139 0.322497 0.162318 0.123702 0.612626 0.0727302 0.113476 1
49 9897 14 62167530 65840963 5.65679 3.37862 5.81716 -1.66342 2.81557 4.15371 0.199647 0.276139 0.322497 0.162318 0.809246 0.000631202 0.064978 0.124669 1
52 9881 17 21849058 25741844 6.21085 3.57197 10.1393 -1.77005 7.34897 8.36922 0.199647 0.276139 0.322497 0.162318 0.807969 7.51775e-06 0.0801356 0.111882 1
56 9932 20 5894415 9015422 7.97372 3.93121 22.2424 -1.60081 19.2484 20.6416 0.199647 0.276139 0.322497 0.162318 0.803268 4.9063e-11 0.0649871 0.131745 1
59 9909 3 5833261 8258690 5.41942 3.46218 4.41581 -1.73701 1.33321 2.67877 0.199647 0.276139 0.322497 0.162318 0.817995 0.00240703 0.06057 0.117077 1
73 9737 16 3355513 5935817 8.55449 3.74402 26.2397 -1.38951 23.3548 24.8501 0.199647 0.276139 0.322497 0.162318 0.773492 1.07181e-12 0.0697987 0.15671 1
78 9940 20 649321 3521062 6.42543 3.92016 9.772 -1.26443 6.93331 8.50755 0.199647 0.276139 0.322497 0.162318 0.755214 1.68218e-05 0.0713677 0.173393 1
93 9905 14 40003726 42939597 6.22307 3.55675 10.0124 -1.45553 6.87079 8.55688 0.199647 0.276139 0.322497 0.162318 0.793977 1.14869e-05 0.055421 0.150584 1
94 9949 15 86492235 89833911 4.37004 3.86289 -0.153535 -1.53561 -2.01746 -1.68921 0.199647 0.276139 0.322497 0.162318 0.499283 0.173375 0.12506 0.087401 1
97 9756 18 48065150 50748866 7.16309 2.8179 14.2559 -2.00613 11.0831 12.2497 0.199647 0.276139 0.322497 0.162318 0.849605 1.01762e-07 0.0574858 0.0929091 1
101 9929 21 43247921 46085555 6.38606 3.52199 8.16671 -1.53383 5.23519 6.63286 0.199647 0.276139 0.322497 0.162318 0.792621 6.71494e-05 0.0682629 0.139004 1
107 9884 6 65412323 67772995 5.39153 3.44826 4.56725 -1.67581 1.74703 2.89141 0.199647 0.276139 0.322497 0.162318 0.797984 0.00214552 0.0768154 0.12142 1
110 9749 9 73343131 77044651 8.42297 4.13937 23.6199 -1.00419 20.6138 22.6157 0.199647 0.276139 0.322497 0.162318 0.725806 2.03046e-11 0.0580189 0.216175 1
14 9944 22 39436352 42845161 7.21883 3.38942 14.3146 -1.97 11.0917 12.3446 0.179654 0.22776 0.276046 0.271155 0.786352 8.43984e-08 0.0481371 0.165511 1
18 9957 6 167706049 170185644 5.71238 3.30941 6.59566 -1.93519 3.49672 4.66043 0.179654 0.22776 0.276046 0.271155 0.776505 0.000194216 0.0538069 0.169226 1
22 9797 1 58832356 62447973 6.19959 3.76103 8.94141 -1.41159 6.54128 7.52978 0.179654 0.22776 0.276046 0.271155 0.663421 2.68275e-05 0.0924638 0.244067 1
23 9703 10 10102317 12756604 6.33562 3.91998 9.31657 -1.02747 7.21253 8.28906 0.179654 0.22776 0.276046 0.271155 0.578821 2.36171e-05 0.108472 0.31267 1
27 9769 14 85354749 88567724 5.7655 3.50412 5.1756 -1.69 2.32755 3.48557 0.179654 0.22776 0.276046 0.271155 0.72977 0.000965018 0.0649892 0.203234 1
32 9936 19 5208811 7876082 4.29302 3.57679 -0.652457 -1.51043 -2.44087 -2.16296 0.179654 0.22776 0.276046 0.271155 0.38272 0.205736 0.0983394 0.127544 1
38 9895 4 38551032 41675707 5.86192 3.47566 6.35194 -1.64262 3.42285 4.70929 0.179654 0.22776 0.276046 0.271155 0.727276 0.000310991 0.0597253 0.212367 1
43 9675 9 10648073 12885651 5.86025 3.97689 7.11687 -1.10764 4.52673 6.00921 0.179654 0.22776 0.276046 0.271155 0.619434 0.000210465 0.0713931 0.308835 1
51 9807 16 34690477 48224167 3.71547 2.97726 -1.40378 -1.81272 -2.95593 -3.21663 0.179654 0.22776 0.276046 0.271155 0.290503 0.244675 0.0945379 0.0715517 1
52 9878 17 21849058 25741844 7.72263 3.63141 20.6494 -1.66298 17.5338 18.9864 0.179654 0.22776 0.276046 0.271155 0.738405 1.91068e-10 0.0503229 0.211272 1
56 9939 20 5894415 9015422 6.51925 4.06972 12.1682 -0.925416 9.27681 11.2428 0.179654 0.22776 0.276046 0.271155 0.593996 1.54996e-06 0.050652 0.35535 1
57 9736 21 21126615 23899366 5.43439 3.88955 3.93864 -1.3181 3.17097 2.62036 0.179654 0.22776 0.276046 0.271155 0.469811 0.00310448 0.335022 0.189751 1
60 9876 4 16539530 19714000 6.25724 3.77151 8.61745 -1.50287 5.87255 7.11455 0.179654 0.22776 0.276046 0.271155 0.697044 3.55718e-05 0.0688195 0.234069 1
62 9872 6 116195231 119789644 6.90635 4.2234 11.782 -1.2604 8.63915 10.5216 0.179654 0.22776 0.276046 0.271155 0.669223 1.83812e-06 0.044381 0.286392 1
63 9803 7 46527903 49253622 6.35293 3.69993 9.36505 -1.65274 6.18086 7.71229 0.179654 0.22776 0.276046 0.271155 0.739241 1.53766e-05 0.0470388 0.213689 1
65 9956 9 94829879 98244001 5.84799 4.17578 4.96962 -1.36872 2.24642 3.60087 0.179654 0.22776 0.276046 0.271155 0.671636 0.00150477 0.067766 0.257915 1
70 9663 13 18378339 20733084 7.17147 3.51571 15.6986 -1.5828 12.6605 14.1158 0.179654 0.22776 0.276046 0.271155 0.722728 2.86293e-08 0.0532214 0.22405 1
74 9869 17 61413289 64717569 3.87293 4.51748 -0.760689 -0.0434486 -1.42842 -0.804192 0.179654 0.22776 0.276046 0.271155 0.15696 0.407684 0.123692 0.226818 1
85 9863 7 48214395 51034141 7.36534 3.86641 17.6045 -0.903311 14.6719 16.7012 0.179654 0.22776 0.276046 0.271155 0.590514 6.86169e-09 0.0483228 0.361163 1
95 9824 16 7039332 8652472 6.63291 3.15994 12.1307 -1.98996 10.3871 10.1406 0.179654 0.22776 0.276046 0.271155 0.677954 6.33483e-07 0.182182 0.139862 1
101 9924 21 43247921 46085555 6.53888 3.38006 9.58324 -1.84551 7.05984 7.73768 0.179654 0.22776 0.276046 0.271155 0.73442 1.01284e-05 0.0904879 0.175069 1
102 9922 22 21294586 24228759 5.03854 3.68935 0.553209 -1.38112 -1.95127 -0.827939 0.179654 0.22776 0.276046 0.271155 0.54545 0.0999378 0.068489 0.206877 1
103 9941 22 31214878 33752431 7.04761 4.29827 13.4183 -0.796436 13.2634 12.6216 0.179654 0.22776 0.276046 0.271155 0.333718 2.83826e-07 0.439196 0.227086 1
1 9661 10 122297656 125147452 6.59972 3.26645 10.8348 -1.45631 9.3734 9.37837 0.284536 0.282616 0.306954 0.0958325 0.752619 3.43309e-06 0.188296 0.0590799 1
3 9970 12 108036186 112828201 6.9787 4.11081 14.0331 -1.1005 10.9137 12.9326 0.284536 0.282616 0.306954 0.0958325 0.862279 2.29218e-07 0.0410984 0.0966226 1
5 9788 14 84613858 87574585 4.49192 3.48065 1.72374 -1.44302 -0.988566 0.280688 0.284536 0.282616 0.306954 0.0958325 0.825169 0.034538 0.0590937 0.0656464 1
12 9883 20 54284093 57298029 5.03321 4.40965 0.787878 -0.50539 -1.59529 0.282473 0.284536 0.282616 0.306954 0.0958325 0.616037 0.167883 0.0613121 0.125167 1
13 9871 21 36573183 39566105 6.61603 3.3745 10.9955 -1.65261 7.81033 9.34282 0.284536 0.282616 0.306954 0.0958325 0.90159 2.87797e-06 0.0402408 0.0581643 1
14 9952 22 39436352 42845161 6.03577 3.44736 7.5965 -1.77971 5.05424 5.81675 0.284536 0.282616 0.306954 0.0958325 0.875782 7.3692e-05 0.0743433 0.0497548 1
15 9639 3 114807846 118657258 4.43852 3.581 0.230029 -1.58226 -2.06089 -1.35228 0.284536 0.282616 0.306954 0.0958325 0.702012 0.113851 0.076621 0.0485882 1
17 9963 5 152531117 155743532 4.41826 3.13892 0.754628 -1.79633 -1.82337 -1.04174 0.284536 0.282616 0.306954 0.0958325 0.790551 0.0612527 0.0647523 0.0441725 1
20 9823 8 139942007 142953220 3.9148 4.07009 -1.63277 -0.56781 -2.52066 -2.20065 0.284536 0.282616 0.306954 0.0958325 0.197758 0.569769 0.0877934 0.0377469 1
22 9796 1 58832356 62447973 5.08818 3.75806 3.89042 -1.51072 0.980856 2.37967 0.284536 0.282616 0.306954 0.0958325 0.877361 0.00393147 0.0515833 0.0652298 1
25 9715 12 71953637 75651373 8.43571 3.50733 25.0116 -1.76634 21.8942 23.2452 0.284536 0.282616 0.306954 0.0958325 0.904698 2.1089e-12 0.0432111 0.0520905 1
28 9651 15 69007010 73520046 6.06843 3.23115 6.83801 -1.61699 4.10027 5.22098 0.284536 0.282616 0.306954 0.0958325 0.879514 0.000185927 0.0614036 0.0587968 1
35 9916 21 38155037 40916110 5.83575 3.57335 6.09823 -1.57114 2.90283 4.52708 0.284536 0.282616 0.306954 0.0958325 0.896968 0.00041598 0.039625 0.0627783 1
42 9808 8 17527768 19613312 6.43432 3.45679 9.64278 -1.65491 6.44128 7.98785 0.284536 0.282616 0.306954 0.0958325 0.90229 1.11142e-05 0.0396175 0.0580756 1
46 9698 11 58247279 61863825 5.7396 3.52051 5.29502 -1.57371 2.29263 3.72128 0.284536 0.282616 0.306954 0.0958325 0.888926 0.000918062 0.0476298 0.0620549 1
48 9784 13 102020900 104860677 5.8119 3.50909 6.9473 -1.6582 4.18035 5.28907 0.284536 0.282616 0.306954 0.0958325 0.883203 0.000160621 0.0598863 0.0566601 1
51 9801 16 34690477 48224167 3.96152 3.7391 -0.283053 -0.795407 -1.30496 -1.07854 0.284536 0.282616 0.306954 0.0958325 0.439455 0.261494 0.170624 0.0668059 1
63 9815 7 46527903 49253622 7.60146 4.01629 18.1072 -1.3089 15.0168 16.7983 0.284536 0.282616 0.306954 0.0958325 0.877161 3.21988e-09 0.0430395 0.0797997 1
65 9958 9 94829879 98244001 5.54549 3.43346 3.71188 -1.44798 0.776284 2.26387 0.284536 0.282616 0.306954 0.0958325 0.873568 0.00498265 0.0500406 0.0691534 1
69 9973 12 112939118 116053820 3.68169 3.47675 -1.42033 -1.60316 -2.31127 -3.02369 0.284536 0.282616 0.306954 0.0958325 0.360374 0.298135 0.159498 0.0244231 1
72 9953 15 83747454 86724585 5.6685 3.24215 6.93837 -1.76595 3.79741 5.17239 0.284536 0.282616 0.306954 0.0958325 0.905375 0.000149159 0.042234 0.0521495 1
77 9932 2 132484411 134510726 5.23502 4.75934 2.62835 -0.204943 -0.11206 2.4234 0.284536 0.282616 0.306954 0.0958325 0.709186 0.0414319 0.0493799 0.194593 1
78 9935 20 649321 3521062 5.08804 4.1309 3.38664 -1.41078 0.711184 1.97583 0.284536 0.282616 0.306954 0.0958325 0.855994 0.00701512 0.0636019 0.0703299 1
85 9847 7 48214395 51034141 7.36365 3.82521 18.8671 -1.42778 16.0215 17.4393 0.284536 0.282616 0.306954 0.0958325 0.874542 1.33321e-09 0.0548143 0.0706433 1
86 9847 8 88335888 91928005 7.671 3.86923 19.3627 -1.5459 16.5376 17.8168 0.284536 0.282616 0.306954 0.0958325 0.880475 7.2657e-10 0.056327 0.0631982 1
87 9798 9 13737703 16446284 6.67948 3.91976 11.1953 -1.59499 8.01188 9.60031 0.284536 0.282616 0.306954 0.0958325 0.898431 2.48761e-06 0.0401671 0.0613984 1
88 9742 1 218419835 221920821 7.41455 3.88838 17.7228 -1.17452 15.5821 16.5482 0.284536 0.282616 0.306954 0.0958325 0.812417 5.01e-09 0.103044 0.0845381 1
90 9844 11 2150393 4635862 4.84044 3.64626 0.485937 -1.20964 -0.975219 -0.723778 0.284536 0.282616 0.306954 0.0958325 0.625801 0.114056 0.156603 0.0628695 1
92 9714 13 24523105 27312958 5.81629 3.86649 4.49013 -1.57067 1.584 2.91944 0.284536 0.282616 0.306954 0.0958325 0.882987 0.00204571 0.0520925 0.0618283 1
94 9951 15 86492235 89833911 4.84281 3.65553 1.86957 -1.59573 -0.419317 0.273791 0.284536 0.282616 0.306954 0.0958325 0.816328 0.0253493 0.0892793 0.0557447 1
95 9816 16 7039332 8652472 7.60263 3.74484 19.4092 -1.04152 16.2865 18.3677 0.284536 0.282616 0.306954 0.0958325 0.857363 1.11834e-09 0.0407292 0.101908 1
96 9913 17 74840936 77740666 4.18491 3.6221 -0.783179 -1.7772 -2.79839 -2.56045 0.284536 0.282616 0.306954 0.0958325 0.555695 0.204268 0.0799058 0.0316484 1
106 9910 5 165203106 168801865 4.27466 3.39244 -1.15155 -1.86257 -2.81707 -3.01424 0.284536 0.282616 0.306954 0.0958325 0.481162 0.234727 0.0981529 0.0251601 1
1 9655 10 122297656 125147452 5.99224 3.216 7.31449 -1.84704 4.5456 5.4674 0.201611 0.156769 0.322533 0.289128 0.753757 6.15422e-05 0.0756443 0.170462 1
3 9969 12 108036186 112828201 7.97038 3.83148 19.8749 -1.6681 16.7335 18.2068 0.201611 0.156769 0.322533 0.289128 0.746481 2.55713e-10 0.0516174 0.201902 1
5 9800 14 84613858 87574585 4.8466 4.1317 3.66149 -1.09058 3.03272 2.57075 0.201611 0.156769 0.322533 0.289128 0.426365 0.00286238 0.363719 0.205426 1
6 9831 15 33526377 36814912 7.24255 3.29157 16.2661 -1.72627 13.2817 14.5398 0.201611 0.156769 0.322533 0.289128 0.748455 8.93149e-09 0.0605505 0.190994 1
17 9955 5 152531117 155743532 6.43746 4.19129 11.2362 -0.654349 8.36388 10.5818 0.201611 0.156769 0.322533 0.289128 0.54469 2.90338e-06 0.0492932 0.406013 1
19 9837 7 117656302 121934604 5.51 3.43387 5.31357 -1.76779 2.76517 3.54573 0.201611 0.156769 0.322533 0.289128 0.729235 0.000476669 0.091237 0.178518 1
22 9797 1 58832356 62447973 6.06549 3.61264 7.74408 -1.4079 4.58217 6.33616 0.201611 0.156769 0.322533 0.289128 0.704851 5.8101e-05 0.047748 0.247298 1
31 9772 18 48562900 51659407 5.14906 3.66319 2.01415 -1.61929 0.195023 0.394777 0.201611 0.156769 0.322533 0.289128 0.631397 0.0129738 0.163804 0.179306 1
32 9938 19 5208811 7876082 4.99722 3.98172 2.54607 -1.28862 0.11004 1.25742 0.201611 0.156769 0.322533 0.289128 0.639494 0.0107447 0.089524 0.252788 1
34 9943 20 1254103 4152554 3.78512 3.61929 -1.00179 -1.79465 -2.35223 -2.7966 0.201611 0.156769 0.322533 0.289128 0.415044 0.146052 0.172055 0.0989002 1
36 9923 22 35705614 39771883 5.14371 3.78327 2.00715 -1.49453 -0.939418 0.512598 0.201611 0.156769 0.322533 0.289128 0.690053 0.0161758 0.057978 0.222015 1
42 9807 8 17527768 19613312 5.67334 3.88864 5.81949 -1.26246 2.94909 4.55701 0.201611 0.156769 0.322533 0.289128 0.667762 0.000436225 0.0605452 0.270961 1
57 9737 21 21126615 23899366 4.37945 3.64956 -0.770504 -1.54174 -2.51985 -2.31233 0.201611 0.156769 0.322533 0.289128 0.441357 0.158704 0.122777 0.135444 1
62 9883 6 116195231 119789644 6.41136 3.73318 8.77976 -1.16039 5.76545 7.61935 0.201611 0.156769 0.322533 0.289128 0.654467 2.4529e-05 0.0513863 0.294107 1
63 9817 7 46527903 49253622 4.66595 4.25436 0.698629 -1.30917 -1.55876 -0.610583 0.201611 0.156769 0.322533 0.289128 0.577057 0.0602539 0.0965838 0.223466 1
64 9973 8 79605730 83456325 4.70567 3.58869 0.894535 -1.74546 -1.58884 -0.85097 0.201611 0.156769 0.322533 0.289128 0.666629 0.0369908 0.0890079 0.166877 1
65 9949 9 94829879 98244001 6.31867 3.8429 8.68961 -1.35015 5.68402 7.33944 0.201611 0.156769 0.322533 0.289128 0.689193 2.33815e-05 0.0545867 0.25618 1
68 9795 11 97860221 100289947 5.18404 3.54313 1.56546 -1.54778 -1.29952 0.017661 0.201611 0.156769 0.322533 0.289128 0.684071 0.0236473 0.0623611 0.208677 1
69 9984 12 112939118 116053820 4.3492 3.58107 -0.810259 -1.36241 -2.3811 -2.17275 0.201611 0.156769 0.322533 0.289128 0.402985 0.1804 0.134011 0.147959 1
74 9867 17 61413289 64717569 3.62308 4.53247 -1.60957 0.705032 -1.1096 -0.904616 0.201611 0.156769 0.322533 0.289128 0.0659955 0.519368 0.174062 0.191534 1
77 9931 2 132484411 134510726 6.47049 3.96841 10.8237 -1.33981 7.74937 9.48383 0.201611 0.156769 0.322533 0.289128 0.689881 2.7989e-06 0.0510135 0.259101 1
78 9936 20 649321 3521062 5.0295 4.03322 3.13632 -1.44132 0.649832 1.69496 0.201611 0.156769 0.322533 0.289128 0.672555 0.00537563 0.0895199 0.228208 1
79 9728 21 19471894 22071902 6.25477 4.48696 7.51934 -1.09363 5.04452 6.42568 0.201611 0.156769 0.322533 0.289128 0.619084 8.74831e-05 0.0833691 0.297409 1
80 9944 22 27513133 31180800 5.96246 3.38681 8.48309 -1.79729 5.79218 6.68576 0.201611 0.156769 0.322533 0.289128 0.74281 1.98111e-05 0.0805914 0.176556 1
84 9983 6 146958779 150339910 4.92277 4.44259 1.69712 -0.515299 -0.367396 1.1818 0.201611 0.156769 0.322533 0.289128 0.460428 0.0391801 0.0934575 0.3944 1
89 9874 10 53544648 56018906 5.95769 3.66561 8.36239 -1.68331 5.72482 6.67904 0.201611 0.156769 0.322533 0.289128 0.72417 2.44226e-05 0.0828733 0.192907 1
94 9954 15 86492235 89833911 5.51873 3.86464 5.27701 -1.65336 2.35975 3.62362 0.201611 0.156769 0.322533 0.289128 0.733933 0.000557927 0.0634986 0.201453 1
98 9884 19 18794927 21475902 6.41686 3.73391 10.4461 -0.720471 8.72045 9.72557 0.201611 0.156769 0.322533 0.289128 0.504398 5.54555e-06 0.143681 0.351913 1
103 9936 22 31214878 33752431 4.80943 3.41252 0.952544 -1.56681 -1.69343 -0.614305 0.201611 0.156769 0.322533 0.289128 0.652441 0.0408453 0.0740401 0.195274 1
1 9667 10 122297656 125147452 7.16471 3.46146 15.8647 -1.69311 12.8819 14.1716 0.218992 0.176894 0.297758 0.244669 0.784697 1.50217e-08 0.0540416 0.161261 1
7 9895 16 11262224 13526211 8.01791 3.97736 22.2315 -1.60919 19.3226 20.6223 0.218992 0.176894 0.297758 0.244669 0.770621 2.75584e-11 0.0571458 0.172234 1
13 9876 21 36573183 39566105 5.22998 3.28994 2.28414 -1.89128 0.133953 0.392783 0.218992 0.176894 0.297758 0.244669 0.730987 0.00907467 0.115752 0.123212 1
14 9966 22 39436352 42845161 4.78336 3.34417 0.685594 -1.80046 -2.12756 -1.1149 0.218992 0.176894 0.297758 0.244669 0.677812 0.0455737 0.0553102 0.125116 1
20 9835 8 139942007 142953220 5.41227 3.7941 3.69489 -1.74394 0.663294 1.95091 0.218992 0.176894 0.297758 0.244669 0.786522 0.0027602 0.0515872 0.153625 1
23 9706 10 10102317 12756604 6.16117 3.76109 7.99883 -0.640911 4.80287 7.35792 0.218992 0.176894 0.297758 0.244669 0.608102 8.69094e-05 0.0338393 0.357914 1
24 9716 11 19510513 22379539 4.90151 3.52665 0.719114 -1.39431 -1.59238 -0.67524 0.218992 0.176894 0.297758 0.244669 0.60729 0.0592694 0.0818396 0.168262 1
28 9653 15 69007010 73520046 4.40945 3.91698 -0.140977 -1.42842 -1.87049 -1.56947 0.218992 0.176894 0.297758 0.244669 0.486336 0.108416 0.117288 0.130227 1
30 9829 17 10500386 13502550 4.98778 3.8614 1.04469 -1.39667 -0.737651 -0.352052 0.218992 0.176894 0.297758 0.244669 0.597167 0.0419867 0.136607 0.165063 1
31 9779 18 48562900 51659407 5.79597 3.25192 5.46387 -1.72168 2.81023 3.74215 0.218992 0.176894 0.297758 0.244669 0.770869 0.000471651 0.0737831 0.153956 1
43 9666 9 10648073 12885651 6.17511 3.40212 8.75788 -1.87122 5.79524 6.88663 0.218992 0.176894 0.297758 0.244669 0.804949 1.57361e-05 0.0565651 0.138435 1
44 9780 1 205954619 209274912 3.86036 3.97088 -1.47251 -1.30401 -2.54229 -2.77665 0.218992 0.176894 0.297758 0.244669 0.252914 0.241788 0.117981 0.0766907 1
46 9686 11 58247279 61863825 4.94066 3.78828 0.975524 -1.49313 -0.847386 -0.517685 0.218992 0.176894 0.297758 0.244669 0.607806 0.0415838 0.133512 0.152554 1
48 9764 13 102020900 104860677 6.68194 3.36429 12.4027 -1.87946 9.51219 10.5232 0.218992 0.176894 0.297758 0.244669 0.802506 4.06513e-07 0.0606117 0.136881 1
49 9910 14 62167530 65840963 5.06279 3.60571 3.22748 -1.52369 0.816268 1.70376 0.218992 0.176894 0.297758 0.244669 0.722769 0.00504516 0.0881569 0.175955 1
66 9735 1 97414551 101020183 5.45626 3.38516 3.57743 -1.39697 0.671525 2.18043 0.218992 0.176894 0.297758 0.244669 0.733047 0.00409319 0.0545193 0.20257 1
69 9978 12 112939118 116053820 3.8451 3.45694 -1.4715 -1.53881 -3.0243 -3.01041 0.218992 0.176894 0.297758 0.244669 0.284925 0.215171 0.0819965 0.0683188 1
72 9958 15 83747454 86724585 4.87505 4.15664 1.68931 -0.460813 0.882588 1.22843 0.218992 0.176894 0.297758 0.244669 0.406898 0.038281 0.246925 0.286732 1
73 9750 16 3355513 5935817 3.65355 3.42428 -1.51539 -1.51208 -2.43047 -3.02767 0.218992 0.176894 0.297758 0.244669 0.257517 0.208703 0.140227 0.0634141 1
78 9939 20 649321 3521062 5.26925 3.50474 2.69563 -1.73555 0.00442439 0.960036 0.218992 0.176894 0.297758 0.244669 0.758853 0.00729465 0.0699549 0.149468 1
82 9780 4 8231995 10560584 5.3372 3.55832 5.3721 -1.84638 2.3737 3.52569 0.218992 0.176894 0.297758 0.244669 0.802564 0.000475136 0.0544158 0.141496 1
83 9924 5 171953232 174777607 4.38094 3.71665 -1.0722 -1.68189 -2.84191 -2.75418 0.218992 0.176894 0.297758 0.244669 0.37016 0.162513 0.0857526 0.0769245 1
85 9853 7 48214395 51034141 5.37047 3.49553 6.09528 -1.68596 2.93844 4.40929 0.218992 0.176894 0.297758 0.244669 0.789999 0.000266417 0.0457158 0.163517 1
89 9867 10 53544648 56018906 6.57754 3.84955 10.0129 -1.36942 9.41189 8.64324 0.218992 0.176894 0.297758 0.244669 0.492733 4.53554e-06 0.367319 0.139938 1
93 9913 14 40003726 42939597 7.02205 4.01698 14.9843 -1.00145 12.6452 13.9828 0.218992 0.176894 0.297758 0.244669 0.648718 5.98166e-08 0.0850446 0.266237 1
95 9814 16 7039332 8652471 6.45201 3.7751 10.4163 -1.7281 7.50094 8.68814 0.218992 0.176894 0.297758 0.244669 0.786084 3.37688e-06 0.0579149 0.155991 1
96 9914 17 74840936 77740666 4.48466 3.42637 0.198492 -1.54009 -2.2216 -1.34164 0.218992 0.176894 0.297758 0.244669 0.576924 0.0819118 0.0697462 0.138165 1
100 9934 20 37488842 41249232 3.94359 3.64711 -1.31549 -1.66902 -2.923 -2.98462 0.218992 0.176894 0.297758 0.244669 0.32259 0.18298 0.0878934 0.0679063 1
4 9505 13 36533589 39357508 7.03414 3.20382 14.848 -1.80913 12.9141 13.0388 0.20429 0.221168 0.271558 0.263367 0.712589 4.50014e-08 0.136952 0.150459 1
8 9832 17 52581800 57696171 6.02948 3.41526 6.4793 -1.59685 5.08147 4.88233 0.20429 0.221168 0.271558 0.263367 0.628848 0.000211636 0.206581 0.164172 1
10 9957 19 1899089 4657266 5.55281 3.83644 3.98939 -1.55686 0.785859 2.43251 0.20429 0.221168 0.271558 0.263367 0.749875 0.00316778 0.0404881 0.203778 1
14 9956 22 39436352 42845161 7.9117 3.72817 19.7447 -1.63853 16.8628 18.1061 0.20429 0.221168 0.271558 0.263367 0.754764 4.22359e-10 0.0562166 0.18902 1
20 9826 8 139942007 142953220 3.9922 3.69134 -1.46369 -1.31828 -2.52119 -2.7821 0.20429 0.221168 0.271558 0.263367 0.25662 0.321305 0.118479 0.0885168 1
25 9763 12 71953637 75651373 8.09996 3.92371 21.5155 -1.78386 18.3487 19.7316 0.20429 0.221168 0.271558 0.263367 0.785808 6.47154e-11 0.044015 0.170177 1
28 9659 15 69007010 73520046 3.84924 3.35304 -1.00375 -1.56216 -2.44613 -2.56603 0.20429 0.221168 0.271558 0.263367 0.365899 0.226632 0.114964 0.0988975 1
30 9820 17 10500386 13502550 7.03499 3.50011 13.0029 -1.64809 9.79467 11.3548 0.20429 0.221168 0.271558 0.263367 0.768171 3.60639e-07 0.0412799 0.190549 1
32 9934 19 5208811 7876082 4.82928 4.34782 2.23044 -1.26541 -0.58412 0.96501 0.20429 0.221168 0.271558 0.263367 0.667986 0.0219287 0.053215 0.242947 1
33 9752 2 17133104 20251444 6.79282 3.21117 10.6864 -1.85328 7.85714 8.83309 0.20429 0.221168 0.271558 0.263367 0.780918 3.02803e-06 0.0613036 0.157772 1
36 9923 22 35705614 39771883 5.05108 3.93487 1.07396 -1.38047 -1.17506 -0.306551 0.20429 0.221168 0.271558 0.263367 0.615888 0.0572837 0.0863735 0.199649 1
46 9674 11 58247279 61863825 4.41565 4.02744 -0.378759 -1.20196 -1.98033 -1.58079 0.20429 0.221168 0.271558 0.263367 0.414254 0.196893 0.111001 0.160526 1
47 9865 12 119524757 123314550 8.1924 4.17741 21.643 -1.35885 19.6343 20.2841 0.20429 0.221168 0.271558 0.263367 0.662437 7.34585e-11 0.118135 0.219428 1
54 9941 19 50293421 53473822 5.97618 3.45519 7.06042 -1.80531 3.90546 5.25509 0.20429 0.221168 0.271558 0.263367 0.788044 0.000120416 0.0446666 0.167038 1
55 9965 2 65728636 68864061 6.40203 4.1006 10.6652 -1.20061 8.56236 9.46453 0.20429 0.221168 0.271558 0.263367 0.645005 4.90676e-06 0.104698 0.250289 1
63 9820 7 46527903 49253622 5.97478 3.6316 6.94271 -1.71633 3.83015 5.22636 0.20429 0.221168 0.271558 0.263367 0.774472 0.000145515 0.0457989 0.179439 1
71 9892 14 31249149 34179646 5.04186 3.79415 1.53576 -1.46478 -1.00836 0.07094 0.20429 0.221168 0.271558 0.263367 0.667565 0.0359625 0.0696969 0.198905 1
75 9851 18 41527221 44836357 3.94577 3.96721 -1.63062 -1.57851 -2.65539 -3.20931 0.20429 0.221168 0.271558 0.263367 0.258141 0.294416 0.123146 0.0686363 1
84 9983 6 146958779 150339910 4.14268 3.72699 -0.425152 -1.61352 -1.46407 -2.03885 0.20429 0.221168 0.271558 0.263367 0.424872 0.140162 0.199837 0.109082 1
91 9750 12 61391332 65202444 7.13964 3.38992 13.1769 -1.73445 10.0951 11.4424 0.20429 0.221168 0.271558 0.263367 0.776087 2.8085e-07 0.0473292 0.176584 1
93 9915 14 40003726 42939597 7.15419 3.49583 16.4002 -1.72647 13.4343 14.6737 0.20429 0.221168 0.271558 0.263367 0.770517 1.11927e-08 0.0527619 0.176721 1
100 9932 20 37488842 41249232 6.00987 4.06618 8.49221 -1.15826 5.57579 7.33393 0.20429 0.221168 0.271558 0.263367 0.677096 4.72039e-05 0.0487173 0.274112 1
104 9922 3 29641436 32646393 5.54721 3.60681 3.12014 -1.53571 1.23679 1.58436 0.20429 0.221168 0.271558 0.263367 0.66731 0.00686738 0.134901 0.185208 1
105 9591 4 48977443 55009203 4.15047 3.83877 -0.505108 -1.20714 -1.93354 -1.71233 0.20429 0.221168 0.271558 0.263367 0.390321 0.209415 0.124359 0.150468 1
110 9755 9 73343131 77044651 5.51754 3.36537 5.41035 -1.70659 2.5668 3.70372 0.20429 0.221168 0.271558 0.263367 0.761562 0.000668854 0.0589362 0.178172 1
5 9809 14 84613858 87574585 4.57638 3.19921 2.03263 -1.5887 -0.579704 0.443892 0.159074 0.183699 0.36531 0.238427 0.645391 0.0199346 0.108733 0.197514 1
7 9908 16 11262224 13526211 5.68316 3.64741 5.87416 -1.60688 4.51323 4.26715 0.159074 0.183699 0.36531 0.238427 0.528831 0.000344234 0.311412 0.158913 1
17 9959 5 152531117 155743532 4.13431 3.08006 -0.172126 -1.75161 -2.31785 -1.9238 0.159074 0.183699 0.36531 0.238427 0.461665 0.109869 0.124026 0.120044 1
20 9825 8 139942007 142953220 3.25084 3.71453 -1.82455 -1.58427 -2.89174 -3.40898 0.159074 0.183699 0.36531 0.238427 0.176975 0.259879 0.139797 0.0543945 1
22 9788 1 58832356 62447973 8.5635 3.61651 26.1039 -1.72591 23.456 24.378 0.159074 0.183699 0.36531 0.238427 0.699596 6.62243e-13 0.113751 0.186652 1
23 9712 10 10102317 12756604 7.67163 4.8456 17.6714 0.609 14.5157 18.2804 0.159074 0.183699 0.36531 0.238427 0.259497 1.16559e-08 0.0253926 0.71511 1
27 9790 14 85354749 88567724 5.29855 3.05378 3.57357 -1.56773 2.49782 2.00567 0.159074 0.183699 0.36531 0.238427 0.473514 0.00319891 0.370855 0.147965 1
34 9959 20 1254103 4152554 5.30817 3.45258 1.92942 -1.78818 -0.923453 0.141205 0.159074 0.183699 0.36531 0.238427 0.684914 0.0192136 0.0907213 0.171703 1
40 9996 6 31431970 32638363 3.69585 3.0005 -0.895936 -2.09108 -2.93627 -2.98712 0.159074 0.183699 0.36531 0.238427 0.37638 0.13155 0.112353 0.0696934 1
44 9782 1 205954619 209274912 6.65713 3.56069 10.2306 -1.50021 7.72415 8.73036 0.159074 0.183699 0.36531 0.238427 0.657173 6.10322e-06 0.123085 0.219728 1
49 9907 14 62167530 65840963 5.47056 3.94649 5.12021 -1.36324 3.57483 3.75689 0.159074 0.183699 0.36531 0.238427 0.532801 0.000940477 0.260903 0.204286 1
56 9933 20 5894415 9015422 5.80191 4.09129 7.76202 -0.835045 4.74285 6.92697 0.159074 0.183699 0.36531 0.238427 0.567281 0.000120962 0.0636283 0.368888 1
60 9869 4 16539530 19714000 4.58793 3.76424 -0.362337 -1.47404 -1.91226 -1.83647 0.159074 0.183699 0.36531 0.238427 0.371239 0.141045 0.180964 0.12741 1
62 9853 6 116195231 119789644 5.6614 3.43459 3.60034 -1.53007 0.593574 2.07024 0.159074 0.183699 0.36531 0.238427 0.68771 0.00469685 0.0780994 0.223177 1
64 9961 8 79605730 83456325 4.81679 3.63369 0.706724 -1.64153 -1.83572 -0.934851 0.159074 0.183699 0.36531 0.238427 0.572362 0.0631456 0.10341 0.16615 1
75 9850 18 41527221 44836357 3.84731 4.10852 -1.24443 -0.790322 -2.54346 -2.03482 0.159074 0.183699 0.36531 0.238427 0.188959 0.343633 0.118378 0.128489 1
79 9727 21 19471894 22071902 4.40904 3.62997 -0.943818 -1.44272 -2.53172 -2.38662 0.159074 0.183699 0.36531 0.238427 0.295097 0.206921 0.138487 0.104501 1
82 9773 4 8231995 10560584 4.90361 4.12497 2.90434 -1.30525 0.0533728 1.59907 0.159074 0.183699 0.36531 0.238427 0.635076 0.0108925 0.0842804 0.258052 1
85 9853 7 48214395 51034141 6.69248 2.96952 14.1538 -2.06129 11.033 12.0924 0.159074 0.183699 0.36531 0.238427 0.773927 8.1114e-08 0.0784226 0.14765 1
88 9773 1 218419835 221920821 6.39966 3.59775 10.4604 -1.57702 7.91861 8.88335 0.159074 0.183699 0.36531 0.238427 0.670942 4.58573e-06 0.1213 0.207747 1
90 9837 11 2150393 4635862 4.35928 3.51941 -0.588738 -1.4459 -1.79799 -2.03476 0.159074 0.183699 0.36531 0.238427 0.319061 0.156359 0.218657 0.112624 1
92 9716 13 24523105 27312958 6.5053 3.73416 8.72887 -1.37044 5.6495 7.35841 0.159074 0.183699 0.36531 0.238427 0.672765 3.19372e-05 0.0710511 0.256115 1
93 9913 14 40003726 42939597 7.21087 2.96094 16.6541 -1.9278 13.7167 14.7263 0.159074 0.183699 0.36531 0.238427 0.74641 7.33596e-09 0.0908542 0.162736 1
102 9927 22 21294586 24228759 3.80022 4.15691 -1.52311 -1.19587 -2.3713 -2.71912 0.159074 0.183699 0.36531 0.238427 0.17919 0.28704 0.176202 0.0812175 1
103 9935 22 31214878 33752431 7.13352 3.33931 14.0089 -1.48883 11.1405 12.52 0.159074 0.183699 0.36531 0.238427 0.680918 1.4623e-07 0.0888047 0.230277 1
106 9905 5 165203106 168801865 4.34075 3.9806 -0.830801 -1.16974 -2.22905 -2.00062 0.159074 0.183699 0.36531 0.238427 0.275698 0.226852 0.156403 0.128275 1
107 9876 6 65412323 67772995 4.74614 4.16407 0.184832 -0.369778 -0.702052 -0.185006 0.159074 0.183699 0.36531 0.238427 0.25483 0.169003 0.24107 0.263869 1
